Temperatura,Pressao,Umidade,Altitude,ax,ay,az,gx,gy,gz,vib_x,vib_y,vib_z,Latitude,Longitude,Sat,Tempo
28.00,101316.59,70.26,0.70,0.08,-0.19,69.44,1.43,-1.73,9.04,-5.28,11.05,81.52,-27.599996,-48.519985,6,0.15
27.99,101299.77,69.24,2.10,-0.92,-1.08,69.53,-5.77,-9.57,6.35,13.25,-3.48,69.16,-27.599991,-48.519970,6,0.23
27.97,101274.55,70.21,4.20,-0.14,-0.43,68.87,-0.67,5.35,12.92,-2.06,-3.97,68.99,-27.599987,-48.519954,4,0.35
27.95,101240.94,69.51,7.00,0.41,1.01,69.64,-5.66,1.22,-3.48,-7.27,8.11,61.21,-27.599982,-48.519939,8,0.47
27.93,101198.93,69.84,10.50,-0.06,-0.20,69.80,2.07,-0.77,-4.62,5.54,0.89,84.03,-27.599978,-48.519924,4,0.57
27.90,101148.53,69.88,14.70,-0.64,0.81,69.55,1.93,-1.48,3.55,3.20,-5.32,71.21,-27.599973,-48.519909,7,0.69
27.87,101089.76,70.50,19.60,-0.45,-0.58,69.47,-3.44,3.21,8.27,-7.01,9.40,58.72,-27.599969,-48.519894,6,0.80
27.84,101022.63,70.27,25.20,-0.27,-0.14,70.06,-0.37,-8.19,3.51,1.88,8.47,69.15,-27.599964,-48.519878,8,0.92
27.80,100947.16,67.00,31.50,-0.50,-0.99,68.69,-2.95,-5.66,-5.42,15.59,-14.19,72.85,-27.599960,-48.519863,8,1.02
27.75,100863.35,69.24,38.50,0.25,-1.01,69.98,-3.24,-0.90,11.32,-14.19,6.47,81.15,-27.599955,-48.519848,7,1.13
27.70,100771.22,68.92,46.20,-0.26,0.08,70.45,2.13,-7.07,-11.22,-14.15,8.70,59.79,-27.599951,-48.519833,4,1.23
27.65,100670.80,69.42,54.60,0.06,0.49,69.39,7.20,2.35,-2.33,7.40,-5.30,68.30,-27.599946,-48.519818,8,1.35
27.59,100562.10,73.21,63.70,0.23,-0.05,69.65,1.50,-3.27,7.80,2.99,-0.04,85.10,-27.599942,-48.519802,5,1.47
27.52,100445.14,69.16,73.50,-0.86,-0.61,70.33,-7.92,5.81,-18.37,-22.22,7.84,67.01,-27.599937,-48.519787,8,1.57
27.45,100319.96,68.59,84.00,-0.76,0.15,69.45,-1.42,-9.28,-4.20,0.14,-10.02,61.05,-27.599933,-48.519772,4,1.68
27.38,100186.56,68.51,95.20,0.93,-0.01,69.84,5.58,7.58,18.48,9.35,-2.85,74.64,-27.599928,-48.519757,6,1.78
27.30,100044.99,68.45,107.10,0.03,-0.42,69.71,-0.40,6.38,4.95,-10.71,11.03,86.05,-27.599924,-48.519742,5,1.90
27.22,99895.26,68.08,119.70,-0.70,-0.00,70.24,10.54,-3.34,-9.85,-10.02,-8.47,66.73,-27.599919,-48.519726,4,2.00
27.14,99737.42,68.57,133.00,0.38,-0.29,70.16,5.22,3.31,-1.48,10.92,-6.84,54.07,-27.599915,-48.519711,8,2.11
27.04,99571.48,68.70,147.00,0.29,0.15,70.47,10.95,-2.88,-8.63,5.27,13.11,75.65,-27.599910,-48.519696,5,2.23
26.95,99397.49,67.73,161.70,-0.46,0.53,69.27,0.59,-0.83,7.61,-13.33,1.24,77.25,-27.599906,-48.519681,4,2.33
26.85,99215.48,69.08,177.10,-0.77,0.02,68.63,1.61,-5.47,-11.84,0.99,-13.47,64.24,-27.599901,-48.519665,4,2.44
26.74,99025.48,68.27,193.20,-0.77,0.33,70.89,1.46,5.67,-10.04,9.85,7.63,56.33,-27.599897,-48.519650,5,2.56
26.63,98827.54,69.07,210.00,0.52,-0.01,69.56,3.14,2.82,-0.47,-6.13,5.28,69.00,-27.599892,-48.519635,6,2.66
26.52,98621.69,69.26,227.50,1.08,-0.12,69.64,8.91,-0.58,-12.54,-3.38,-9.58,76.88,-27.599888,-48.519620,6,2.78
26.40,98407.97,67.64,245.70,0.46,-0.40,69.91,-3.15,5.13,-2.01,17.80,5.63,60.05,-27.599883,-48.519605,4,2.88
26.28,98186.43,69.38,264.60,0.41,0.01,70.02,-3.15,3.64,-18.30,9.31,-0.04,63.26,-27.599879,-48.519589,7,2.99
26.15,97957.12,67.71,284.20,0.39,-0.38,69.15,-3.79,-0.60,4.61,-9.64,-11.08,70.42,-27.599874,-48.519574,8,3.09
26.02,97720.07,65.92,304.50,-0.85,-0.44,70.63,-10.07,-6.25,3.57,2.69,1.15,83.15,-27.599870,-48.519559,7,3.21
25.88,97475.33,67.11,325.50,0.54,0.44,69.97,7.82,0.59,9.28,5.96,11.79,59.59,-27.599865,-48.519544,5,3.33
25.74,97222.96,67.82,347.20,-0.34,0.76,69.70,4.58,-1.76,12.88,-8.29,-18.95,62.39,-27.599861,-48.519529,7,3.45
25.60,96963.00,66.75,369.60,-0.23,-0.20,69.84,11.74,6.00,25.33,-7.75,0.66,80.20,-27.599856,-48.519513,7,3.55
25.45,96695.51,65.68,392.70,0.80,0.02,69.99,8.07,-3.89,-26.31,4.89,10.01,75.26,-27.599852,-48.519498,7,3.66
25.29,96420.54,67.36,416.50,0.41,1.06,68.93,4.80,-2.14,-10.46,5.46,-12.24,60.38,-27.599847,-48.519483,6,3.77
25.13,96138.14,66.64,441.00,-0.90,0.25,70.32,-1.85,-5.24,12.71,-17.51,-6.92,61.33,-27.599843,-48.519468,6,3.89
24.97,95848.38,67.83,466.20,-0.15,-0.07,69.42,2.38,-3.55,4.91,-2.16,9.48,76.72,-27.599838,-48.519453,8,4.00
24.80,95551.30,67.58,492.10,-0.38,-0.79,69.43,4.67,-3.77,-8.79,11.77,-5.87,75.70,-27.599834,-48.519437,7,4.10
24.63,95246.97,66.50,518.70,0.13,-0.11,69.88,0.47,-3.29,6.30,-8.71,-3.55,55.63,-27.599829,-48.519422,8,4.21
24.45,94935.45,68.46,546.00,-0.07,-0.48,69.88,-0.08,0.77,10.25,-8.74,16.73,72.79,-27.599825,-48.519407,6,4.31
24.27,94616.79,65.17,574.00,0.49,-0.82,70.23,-1.60,-8.26,3.44,9.63,-3.72,83.93,-27.599820,-48.519392,4,4.44
24.08,94291.07,65.02,602.70,-0.38,0.22,69.36,3.23,3.18,-5.97,4.45,-12.35,63.78,-27.599816,-48.519377,7,4.54
23.89,93958.35,63.14,632.10,0.74,0.00,70.12,-5.64,-2.94,-15.45,-8.47,14.27,61.07,-27.599811,-48.519361,4,4.65
23.70,93618.69,64.87,662.20,-0.23,-0.54,69.77,8.66,-5.16,-17.86,2.20,-1.04,65.40,-27.599807,-48.519346,8,4.76
23.50,93272.17,65.23,693.00,0.48,0.56,70.82,0.66,4.95,-2.70,11.63,-5.19,80.87,-27.599802,-48.519331,5,4.86
23.29,92918.84,63.40,724.50,0.16,0.34,69.65,3.37,6.41,-19.83,-12.10,11.20,70.80,-27.599798,-48.519316,6,4.98
23.08,92558.78,64.62,756.70,-0.25,0.01,70.65,3.33,2.87,-1.46,-10.89,1.64,63.01,-27.599793,-48.519301,8,5.10
22.87,92192.06,65.13,789.60,0.79,0.66,70.00,5.19,1.54,-0.48,10.98,-13.42,73.71,-27.599789,-48.519285,6,5.22
22.65,91818.75,65.18,823.20,0.80,0.78,70.38,-4.47,0.62,4.44,0.88,0.67,82.19,-27.599784,-48.519270,8,5.32
22.43,91438.93,63.24,857.50,-1.36,0.26,70.62,-9.36,6.32,-3.62,-13.17,8.62,70.70,-27.599780,-48.519255,6,5.44
22.20,91052.67,61.76,892.50,0.11,0.32,70.05,3.14,1.00,15.35,-4.60,-11.75,56.71,-27.599775,-48.519240,7,5.56
21.97,90660.05,62.03,928.20,0.09,0.61,70.69,0.88,3.34,-14.82,12.81,-1.13,73.45,-27.599771,-48.519225,4,5.66
21.73,90261.14,65.03,964.60,-0.41,-0.03,70.37,15.34,-4.62,-7.12,-6.20,13.98,83.48,-27.599766,-48.519209,5,5.77
21.49,89856.03,60.68,1001.70,0.27,-0.60,70.08,-1.28,7.23,-12.62,-6.09,-12.21,65.59,-27.599762,-48.519194,7,5.89
21.24,89444.79,61.86,1039.50,0.68,-0.38,70.30,1.16,-6.27,-10.04,15.85,-9.30,62.32,-27.599757,-48.519179,5,6.00
20.99,89027.49,61.50,1078.00,0.16,0.05,69.11,7.04,1.43,-3.91,3.88,18.26,76.74,-27.599753,-48.519164,6,6.12
20.74,88604.24,60.96,1117.20,0.34,-0.53,69.96,-0.38,5.43,8.04,-9.37,-5.21,74.76,-27.599748,-48.519149,5,6.22
20.48,88175.10,62.98,1157.10,-0.28,-0.08,70.40,-3.83,-7.44,11.54,-5.01,-6.17,58.27,-27.599744,-48.519133,7,6.34
20.21,87740.16,61.49,1197.70,-0.66,0.02,70.93,6.27,-5.95,2.49,8.61,16.20,60.37,-27.599739,-48.519118,4,6.44
19.95,87299.50,60.44,1239.00,0.25,-0.70,69.37,2.15,4.23,4.49,-11.11,-2.51,80.86,-27.599735,-48.519103,7,6.56
19.67,86853.22,61.00,1281.00,0.70,0.37,70.26,-8.89,2.53,-5.19,-4.74,-5.56,73.65,-27.599731,-48.519088,8,6.66
19.40,86401.39,59.20,1323.70,-0.24,0.57,69.32,3.65,1.25,2.01,9.22,11.89,56.70,-27.599726,-48.519072,6,6.78
19.11,85944.11,58.49,1367.10,0.15,-0.26,69.78,1.84,-2.22,3.46,-0.65,-1.97,71.37,-27.599722,-48.519057,12,6.88
18.83,85489.82,59.30,1410.40,0.24,1.12,-10.02,-0.86,-4.04,-1.73,-0.55,-0.97,-10.08,-27.599717,-48.519042,9,6.99
18.55,85038.49,57.71,1453.61,-0.56,-0.22,-9.96,-1.86,-5.07,-1.70,-1.04,-1.21,-10.44,-27.599713,-48.519027,8,7.09
18.27,84590.12,59.63,1496.71,0.43,0.33,-9.18,1.74,-4.54,0.57,1.10,0.73,-11.40,-27.599708,-48.519012,12,7.21
17.99,84144.67,57.89,1539.72,-0.32,-0.93,-10.32,-0.36,-3.70,-0.28,0.72,-0.29,-12.09,-27.599704,-48.518996,10,7.44
17.71,83702.14,58.19,1582.63,0.40,0.42,-9.61,1.89,-4.72,-0.14,2.04,2.22,-11.77,-27.599699,-48.518981,10,7.69
17.43,83262.50,57.56,1625.44,-0.34,0.21,-9.62,-0.14,-5.80,-1.83,1.00,2.67,-9.79,-27.599695,-48.518966,11,7.98
17.16,82825.73,57.72,1668.15,0.24,0.21,-9.43,1.93,-4.02,0.50,-0.29,2.45,-9.33,-27.599690,-48.518951,11,8.21
16.88,82391.82,55.66,1710.77,0.27,0.37,-9.18,-1.21,-4.02,0.60,-1.30,0.23,-8.56,-27.599686,-48.518936,9,8.43
16.60,81960.74,56.37,1753.29,0.35,-0.51,-10.27,-0.10,-4.88,-0.22,-2.36,-2.20,-7.53,-27.599681,-48.518920,8,8.63
16.33,81532.47,57.36,1795.70,0.16,-0.28,-9.56,0.03,-4.53,0.09,-2.10,-2.69,-7.63,-27.599677,-48.518905,12,8.86
16.05,81107.01,55.36,1838.03,-0.45,0.08,-10.17,0.50,-3.91,0.09,-2.14,-1.83,-7.48,-27.599672,-48.518890,11,9.06
15.78,80684.32,53.78,1880.25,-0.05,-0.13,-9.94,0.43,-4.62,-0.03,-1.06,-1.49,-9.31,-27.599668,-48.518875,8,9.28
15.50,80264.40,55.75,1922.37,-0.44,0.05,-10.10,-0.02,-3.21,0.68,0.09,0.16,-10.69,-27.599663,-48.518860,8,9.48
15.23,79847.21,52.41,1964.40,-0.74,-0.32,-10.49,-0.01,-1.53,-1.72,0.37,1.46,-12.24,-27.599659,-48.518844,9,9.70
14.96,79432.76,54.82,2006.33,-0.14,0.40,-9.20,1.00,-4.20,0.78,2.52,2.32,-10.56,-27.599654,-48.518829,10,9.93
14.69,79021.01,53.31,2048.16,-0.29,-0.84,-10.42,0.66,-3.90,-0.71,1.70,0.98,-12.68,-27.599650,-48.518814,10,10.16
14.42,78611.95,51.34,2089.89,0.96,-0.11,-8.86,-0.64,-3.55,0.66,1.27,1.19,-10.34,-27.599645,-48.518799,11,10.40
14.15,78205.56,53.18,2131.52,0.76,-1.11,-9.23,0.33,-3.89,-1.26,0.04,-1.93,-10.41,-27.599641,-48.518784,9,10.57
13.88,77801.83,52.54,2173.06,0.60,1.29,-9.57,-0.54,-4.96,-0.05,-0.90,-0.02,-9.84,-27.599636,-48.518768,10,10.80
13.61,77400.73,52.18,2214.50,-0.58,-0.98,-9.92,-0.60,-4.11,0.57,-1.66,-1.94,-8.13,-27.599632,-48.518753,11,11.07
13.34,77002.26,51.03,2255.84,-0.10,-0.00,-9.62,-0.62,-1.68,0.01,-1.36,-1.93,-7.55,-27.599627,-48.518738,11,11.34
13.07,76606.38,52.64,2297.08,0.00,-0.39,-9.95,-1.13,-3.52,0.16,-0.61,-0.42,-8.83,-27.599623,-48.518723,12,11.57
12.80,76213.09,52.23,2338.22,0.49,-0.15,-10.25,0.82,-2.29,0.79,1.14,1.26,-8.74,-27.599618,-48.518708,10,11.84
12.53,75822.37,51.42,2379.27,-0.45,0.12,-9.46,-1.46,-4.66,0.52,0.38,1.90,-9.04,-27.599614,-48.518692,11,12.07
12.27,75434.20,51.32,2420.22,0.10,-0.68,-9.99,1.94,-3.13,-0.17,2.83,0.98,-10.86,-27.599609,-48.518677,12,12.34
12.00,75048.57,52.44,2461.07,0.05,-0.24,-9.87,-0.95,-3.09,0.56,1.95,2.06,-11.45,-27.599605,-48.518662,11,12.59
11.74,74665.45,51.18,2501.82,0.89,-0.05,-9.67,-0.21,-4.82,-1.04,1.87,0.54,-12.07,-27.599600,-48.518647,8,12.85
11.47,74284.84,48.93,2542.47,0.35,0.30,-9.54,-0.55,-4.54,-0.29,0.10,-0.94,-11.50,-27.599596,-48.518632,8,13.02
11.21,73906.71,50.08,2583.03,0.01,0.33,-10.23,1.43,-4.01,1.39,-1.26,-2.03,-11.45,-27.599591,-48.518616,9,13.22
10.95,73531.05,49.12,2623.48,-0.07,0.60,-9.64,2.27,-4.63,0.26,-2.09,-0.65,-9.56,-27.599587,-48.518601,11,13.43
10.69,73157.84,48.43,2663.84,-0.82,0.81,-10.30,1.35,-3.79,-1.80,-2.47,0.09,-10.74,-27.599582,-48.518586,9,13.62
10.42,72787.07,48.73,2704.10,-0.10,0.40,-9.51,-1.01,-4.29,-0.02,-1.59,0.88,-8.56,-27.599578,-48.518571,10,13.85
10.16,72418.72,47.28,2744.27,-0.78,0.26,-10.16,-0.28,-4.43,-0.60,-1.67,1.31,-7.24,-27.599573,-48.518556,12,14.08
9.90,72052.78,47.93,2784.33,-0.54,-0.25,-9.55,0.03,-4.72,0.08,1.95,2.33,-8.52,-27.599569,-48.518540,12,14.32
9.64,71689.23,48.53,2824.30,0.86,-0.13,-9.04,-1.07,-4.36,0.23,3.04,1.85,-8.41,-27.599564,-48.518525,10,14.61
9.38,71328.05,47.30,2864.17,0.33,0.56,-9.62,-1.58,-3.38,-0.51,2.22,1.89,-9.58,-27.599560,-48.518510,9,14.82
9.12,70969.22,47.18,2903.94,0.31,-0.40,-9.61,-0.61,-5.71,0.12,1.11,-0.74,-9.15,-27.599555,-48.518495,9,15.07
8.87,70612.74,45.73,2943.61,0.42,0.45,-9.37,-1.22,-4.88,-1.24,-0.64,-2.20,-10.92,-27.599551,-48.518480,8,15.32
8.61,70258.59,45.13,2983.18,0.69,0.22,-9.59,-0.13,-3.51,0.74,-0.17,-2.35,-11.28,-27.599546,-48.518464,9,15.55
8.35,69906.75,44.93,3022.66,-0.52,0.42,-10.83,-0.55,-4.69,1.54,-1.26,-2.02,-13.51,-27.599542,-48.518449,11,15.77
8.10,69557.21,44.76,3062.04,-0.23,-0.19,-9.30,-0.38,-3.97,-0.44,-1.74,-1.30,-10.13,-27.599537,-48.518434,8,16.00
7.84,69209.95,45.34,3101.32,-0.53,0.06,-8.98,-0.06,-3.16,1.13,-1.80,0.16,-8.97,-27.599533,-48.518419,11,16.23
7.59,68864.95,43.44,3140.50,0.38,0.47,-9.90,-0.76,-3.36,-0.41,0.64,3.46,-8.33,-27.599528,-48.518403,8,16.46
7.33,68522.21,43.47,3179.58,0.55,-0.02,-10.55,0.16,-3.64,0.11,1.24,2.79,-8.72,-27.599524,-48.518388,11,16.71
7.08,68181.71,43.04,3218.57,-0.87,-0.44,-9.61,0.32,-2.80,-0.14,0.28,0.29,-7.67,-27.599519,-48.518373,10,16.93
6.83,67843.43,44.88,3257.45,0.04,0.40,-8.79,-0.75,-4.15,1.31,3.46,0.54,-6.22,-27.599515,-48.518358,8,17.15
6.57,67507.35,43.46,3296.24,-0.36,-0.76,-9.69,1.50,-2.44,0.09,1.26,-1.08,-9.86,-27.599510,-48.518343,12,17.40
6.32,67173.47,43.90,3334.93,-0.17,-0.34,-9.05,0.26,-5.10,-1.62,1.40,-1.86,-9.84,-27.599506,-48.518327,10,17.61
6.07,66841.78,40.63,3373.53,-0.50,0.70,-10.16,-0.82,-4.14,-0.65,-1.51,-1.14,-11.92,-27.599501,-48.518312,12,17.85
5.82,66512.24,41.41,3412.02,0.39,-0.26,-10.24,0.28,-4.66,0.58,-0.60,-0.89,-11.59,-27.599497,-48.518297,11,18.07
5.57,66184.86,42.91,3450.42,0.07,0.33,-9.13,1.58,-4.70,-0.27,-2.33,0.09,-11.48,-27.599492,-48.518282,8,18.27
5.32,65859.62,41.80,3488.72,-0.09,0.21,-9.68,-0.58,-4.37,1.39,-2.58,1.90,-11.75,-27.599488,-48.518267,8,18.49
5.08,65536.50,43.23,3526.92,-0.49,0.62,-9.80,-0.07,-3.49,0.44,-2.43,2.14,-11.46,-27.599483,-48.518251,11,18.69
4.83,65215.49,41.42,3565.02,0.13,0.57,-9.78,-1.44,-5.24,0.49,-1.18,0.94,-9.07,-27.599479,-48.518236,12,18.93
4.58,64896.57,40.45,3603.03,-0.04,-0.66,-9.83,-0.26,-3.29,-1.28,0.73,-0.17,-8.73,-27.599474,-48.518221,11,19.19
4.33,64579.74,40.57,3640.93,-0.61,-0.10,-9.64,-0.02,-3.88,0.87,0.49,-0.20,-8.57,-27.599470,-48.518206,10,19.42
4.09,64264.98,39.50,3678.74,-0.18,-0.33,-10.36,0.04,-6.44,0.13,2.70,-1.72,-7.94,-27.599466,-48.518191,12,19.66
3.84,63952.27,39.41,3716.45,0.33,-0.08,-9.32,-0.08,-4.50,0.89,1.31,-0.47,-7.91,-27.599461,-48.518175,8,19.89
3.60,63641.60,40.52,3754.06,0.37,-0.22,-10.14,-0.30,-4.54,0.37,1.08,-2.30,-10.19,-27.599457,-48.518160,11,20.14
3.35,63332.97,39.90,3791.58,0.96,0.37,-10.71,0.13,-4.05,-0.02,0.20,0.16,-11.07,-27.599452,-48.518145,8,20.34
3.11,63026.34,41.13,3828.99,0.57,-0.24,-10.17,-1.65,-4.01,0.98,-1.42,1.36,-12.31,-27.599448,-48.518130,10,20.56
2.87,62721.72,36.99,3866.31,0.07,-0.57,-9.99,-0.96,-4.60,0.53,-1.61,0.86,-12.13,-27.599443,-48.518115,12,20.79
2.63,62419.09,38.94,3903.53,-1.01,-1.16,-9.32,-0.98,-2.68,-2.09,-1.94,1.21,-11.40,-27.599439,-48.518099,8,21.03
2.39,62118.44,38.58,3940.65,0.39,0.42,-9.76,-0.08,-4.26,-0.86,-0.11,2.97,-10.19,-27.599434,-48.518084,10,21.26
2.15,61819.75,39.73,3977.68,-0.57,-0.35,-9.29,-1.60,-3.75,-0.95,0.07,0.20,-10.18,-27.599430,-48.518069,9,21.50
1.91,61523.01,37.63,4014.60,0.63,0.86,-9.34,-0.33,-3.16,0.34,2.16,-0.14,-7.70,-27.599425,-48.518054,11,21.73
1.67,61228.21,37.17,4051.43,-0.71,-0.16,-9.37,0.61,-4.93,0.46,1.01,-2.19,-8.30,-27.599421,-48.518039,9,21.97
1.43,60935.33,36.69,4088.16,0.24,0.08,-9.82,-0.32,-4.67,-0.60,2.16,-1.39,-6.96,-27.599416,-48.518023,10,22.17
1.19,60644.37,35.97,4124.79,0.19,0.22,-10.32,0.08,-2.53,1.63,1.38,-0.77,-8.16,-27.599412,-48.518008,8,22.40
0.95,60355.31,37.11,4161.32,-0.07,-0.37,-10.04,0.69,-4.87,1.19,-0.58,0.20,-8.61,-27.599407,-48.517993,12,22.63
0.71,60068.13,37.62,4197.76,-0.45,0.39,-10.00,-1.92,-4.30,0.37,-0.95,0.83,-10.67,-27.599403,-48.517978,8,22.87
0.48,59782.84,36.36,4234.09,0.63,-0.26,-9.61,0.35,-3.93,-0.56,-0.34,2.08,-11.19,-27.599398,-48.517963,11,23.10
0.24,59499.40,35.51,4270.33,-0.01,-0.30,-10.05,1.03,-3.23,0.38,-2.07,1.68,-12.18,-27.599394,-48.517947,9,23.35
0.01,59217.82,33.93,4306.47,-0.18,-0.87,-10.24,0.92,-3.58,-0.06,-0.97,-1.14,-13.16,-27.599389,-48.517932,8,23.59
-0.23,58938.08,34.05,4342.52,-0.56,0.28,-10.07,0.94,-1.67,0.71,-0.30,-0.35,-11.78,-27.599385,-48.517917,12,23.82
-0.46,58660.17,34.76,4378.46,0.83,-1.09,-9.64,-0.26,-3.71,0.32,1.93,-3.62,-9.95,-27.599380,-48.517902,10,24.07
-0.69,58384.07,32.96,4414.31,-1.03,-0.28,-9.44,-0.97,-4.12,-1.99,0.51,-2.99,-8.88,-27.599376,-48.517887,11,24.31
-0.93,58109.78,35.48,4450.05,0.39,-0.31,-8.75,-1.42,-3.12,-0.35,2.14,-1.89,-7.54,-27.599371,-48.517871,8,24.54
-1.16,57837.28,35.27,4485.70,0.67,-0.38,-9.24,-0.44,-3.82,3.10,2.05,-0.32,-7.99,-27.599367,-48.517856,10,24.72
-1.39,57566.56,36.75,4521.26,-0.06,0.22,-9.06,-1.58,-5.69,-1.07,-0.14,0.49,-7.65,-27.599362,-48.517841,9,24.94
-1.62,57297.61,35.09,4556.71,-0.34,0.19,-10.36,1.00,-4.04,-0.56,-0.17,1.38,-9.32,-27.599358,-48.517826,12,25.14
-1.85,57030.42,32.09,4592.07,0.13,0.06,-9.22,0.42,-3.87,1.70,-2.64,1.70,-8.09,-27.599353,-48.517810,12,25.33
-2.08,56764.97,32.71,4627.32,-0.15,-0.01,-9.80,-0.85,-3.27,1.07,-2.63,1.92,-10.03,-27.599349,-48.517795,12,25.53
-2.31,56501.27,33.35,4662.48,-1.17,0.44,-9.30,-0.95,-5.29,-0.59,-3.33,-0.07,-10.21,-27.599344,-48.517780,10,25.71
-2.53,56239.28,32.75,4697.54,-0.83,-0.60,-10.40,1.14,-2.94,-1.24,-0.87,-2.63,-11.50,-27.599340,-48.517765,12,25.94
-2.76,55979.01,32.49,4732.51,-0.02,-0.05,-10.12,2.05,-3.40,2.36,0.51,-2.31,-11.06,-27.599335,-48.517750,8,26.14
-2.99,55720.44,31.75,4767.37,-0.42,0.36,-9.61,-0.81,-3.40,1.06,1.26,-1.34,-10.55,-27.599331,-48.517734,10,26.33
-3.21,55463.57,31.39,4802.14,-1.32,0.46,-10.10,0.58,-3.26,-0.45,0.56,-0.52,-10.46,-27.599326,-48.517719,10,26.59
-3.44,55208.37,31.13,4836.81,0.37,0.98,-9.60,-1.11,-5.24,-0.33,2.25,2.35,-8.46,-27.599322,-48.517704,12,26.82
-3.66,54954.85,32.22,4871.38,-0.11,0.21,-8.91,-1.67,-4.00,-0.34,1.56,0.60,-6.06,-27.599317,-48.517689,11,27.05
-3.89,54702.98,29.58,4905.85,-0.41,-0.02,-10.09,-0.62,-2.97,0.63,0.10,2.89,-9.86,-27.599313,-48.517674,10,27.24
-4.11,54452.76,31.59,4940.23,0.13,-0.33,-10.23,-0.84,-4.41,-1.28,-0.93,0.73,-8.90,-27.599308,-48.517658,12,27.44
-4.33,54204.18,30.13,4974.50,-0.38,0.29,-10.99,-0.25,-3.61,-0.21,-1.97,1.73,-9.87,-27.599304,-48.517643,10,27.69
-4.56,53957.22,29.45,5008.68,-0.11,-0.11,-9.37,0.96,-5.48,2.84,-2.33,-0.95,-9.11,-27.599299,-48.517628,10,27.89
-4.78,53711.89,28.48,5042.76,-0.45,-0.47,-9.27,-1.80,-4.39,0.61,-1.87,-1.79,-10.09,-27.599295,-48.517613,9,28.09
-5.00,53468.16,28.06,5076.75,-0.07,0.38,-9.81,0.09,-2.70,-1.86,-0.36,-1.93,-12.64,-27.599290,-48.517598,8,28.33
-5.22,53226.02,28.96,5110.63,-0.55,-0.05,-10.54,0.73,-3.08,0.88,0.35,-1.20,-12.72,-27.599286,-48.517582,12,28.53
-5.44,52985.47,27.83,5144.42,0.47,0.34,-9.46,-0.31,-4.52,-1.43,3.07,-0.56,-10.20,-27.599281,-48.517567,9,28.72
-5.66,52746.50,29.67,5178.11,0.16,-0.04,-9.10,-0.27,-5.03,-0.08,1.86,1.43,-11.28,-27.599277,-48.517552,9,28.93
-5.88,52509.09,27.39,5211.70,-0.21,-0.21,-10.93,-0.20,-5.21,-1.22,1.06,0.27,-11.29,-27.599272,-48.517537,10,29.16
-6.09,52273.24,29.25,5245.19,0.03,-0.12,-9.84,0.68,-3.22,-0.04,-0.35,0.75,-9.16,-27.599268,-48.517522,12,29.36
-6.31,52038.93,29.48,5278.58,-0.37,-0.80,-9.99,1.06,-3.30,-0.26,-0.87,0.55,-7.21,-27.599263,-48.517506,9,29.60
-6.53,51806.16,26.95,5311.88,0.30,0.43,-10.50,0.89,-4.55,-1.08,-1.55,1.16,-7.94,-27.599259,-48.517491,8,29.83
-6.74,51574.92,27.37,5345.07,0.48,0.14,-9.72,-1.08,-2.34,0.99,-1.35,-0.31,-7.75,-27.599254,-48.517476,12,30.03
-6.96,51345.19,28.03,5378.17,0.27,0.36,-10.05,-0.45,-5.99,-0.43,-1.35,-1.98,-10.07,-27.599250,-48.517461,8,30.27
-7.17,51116.97,26.06,5411.17,0.88,0.41,-10.20,0.55,-5.13,1.19,0.72,-1.32,-10.25,-27.599245,-48.517446,11,30.48
-7.39,50890.24,27.99,5444.08,-0.20,-0.08,-11.00,-0.57,-5.94,0.01,0.27,-0.60,-12.61,-27.599241,-48.517430,9,30.70
-7.60,50665.00,26.92,5476.88,0.04,0.17,-9.22,-1.21,-4.17,-0.62,1.20,-0.14,-11.01,-27.599236,-48.517415,9,30.93
-7.81,50441.24,27.98,5509.59,0.29,0.08,-9.29,-0.07,-3.97,0.52,1.32,1.69,-10.89,-27.599232,-48.517400,9,31.17
-8.02,50218.95,25.27,5542.20,0.44,0.29,-9.39,-0.04,-4.24,-0.88,2.27,2.84,-11.52,-27.599227,-48.517385,11,31.40
-8.24,49998.12,25.41,5574.71,-0.23,-0.17,-9.48,-1.44,-6.13,0.03,0.50,1.47,-9.49,-27.599223,-48.517370,8,31.61
-8.45,49778.73,24.55,5607.12,0.23,-1.04,-9.83,-0.70,-2.50,-1.32,0.72,0.29,-9.87,-27.599218,-48.517354,11,31.84
-8.66,49560.79,26.19,5639.44,0.19,0.76,-9.64,-1.76,-3.47,0.96,-1.80,0.72,-7.52,-27.599214,-48.517339,12,32.01
-8.87,49344.28,24.40,5671.65,-0.03,-0.19,-9.42,1.38,-5.44,-0.85,-1.02,-2.28,-7.30,-27.599209,-48.517324,10,32.24
-9.07,49129.19,23.45,5703.77,-0.01,-0.24,-10.27,0.70,-2.76,0.15,-0.83,-3.47,-8.11,-27.599205,-48.517309,10,32.51
-9.28,48915.51,23.97,5735.79,-0.45,0.24,-9.84,-0.42,-4.73,-0.15,-1.53,-0.04,-8.66,-27.599201,-48.517294,10,32.79
-9.49,48703.24,23.71,5767.72,0.57,0.06,-9.91,-0.13,-4.70,1.75,0.88,-1.61,-8.47,-27.599196,-48.517278,12,33.04
-9.70,48492.37,24.18,5799.54,-0.03,0.03,-10.36,-0.47,-4.53,0.44,-0.09,1.48,-10.97,-27.599192,-48.517263,8,33.31
-9.90,48282.88,21.45,5831.27,0.01,0.32,-10.30,-0.74,-3.49,0.94,2.53,1.65,-11.70,-27.599187,-48.517248,11,33.57
-10.11,48074.77,24.02,5862.89,-0.90,0.12,-8.90,-0.30,-2.66,0.08,0.51,2.22,-11.23,-27.599183,-48.517233,12,33.84
-10.31,47868.02,22.45,5894.42,0.55,0.28,-9.73,-0.83,-4.48,-0.70,1.28,0.56,-11.49,-27.599178,-48.517217,8,34.08
-10.52,47662.64,22.52,5925.86,-0.20,-1.23,-10.58,0.53,-5.77,1.12,1.19,-0.49,-12.94,-27.599174,-48.517202,9,34.35
-10.72,47458.61,21.75,5957.19,0.03,0.00,-9.85,0.55,-3.77,-0.22,-1.40,-0.27,-9.90,-27.599169,-48.517187,11,34.62
-10.92,47255.93,23.24,5988.43,-0.43,-0.59,-9.75,0.75,-4.19,-0.74,-2.55,-1.90,-9.26,-27.599165,-48.517172,10,34.88
-11.13,47054.57,21.44,6019.56,-0.33,0.45,-10.69,0.46,-4.11,0.84,-2.30,-1.94,-10.44,-27.599160,-48.517157,10,35.15
-11.33,46854.55,21.12,6050.60,0.32,-0.43,-10.05,-1.22,-6.42,0.46,-0.94,-1.93,-7.30,-27.599156,-48.517141,10,35.40
-11.53,46655.84,20.79,6081.54,0.33,-1.00,-9.69,0.30,-4.56,2.63,-0.24,-1.54,-7.44,-27.599151,-48.517126,9,35.66
-11.73,46458.44,21.25,6112.39,-0.47,0.07,-9.52,1.96,-3.38,0.05,0.80,0.27,-7.65,-27.599147,-48.517111,9,35.93
-11.93,46262.34,22.86,6143.13,-0.21,-0.48,-9.33,0.85,-4.21,-0.29,2.64,1.04,-8.73,-27.599142,-48.517096,11,36.21
-12.13,46067.54,19.89,6173.78,0.09,0.03,-9.51,-0.08,-6.12,-1.27,2.10,1.58,-10.07,-27.599138,-48.517081,9,36.48
-12.33,45874.02,19.17,6204.33,0.36,-0.80,-9.63,-0.53,-5.44,-0.44,1.43,0.13,-12.02,-27.599133,-48.517065,12,36.72
-12.53,45681.78,20.47,6234.78,-0.59,-0.42,-9.27,-0.01,-3.73,1.80,-0.19,0.22,-11.52,-27.599129,-48.517050,9,36.98
-12.72,45490.81,19.08,6265.13,-0.03,-0.49,-10.26,-0.77,-4.30,2.13,0.05,-1.46,-12.66,-27.599124,-48.517035,11,37.25
-12.92,45301.10,19.51,6295.39,0.06,0.47,-9.81,-0.56,-3.35,-0.59,-1.32,-1.34,-10.79,-27.599120,-48.517020,11,37.51
-13.12,45112.64,19.00,6325.54,0.17,-0.37,-9.86,-0.72,-5.95,0.27,-2.00,-1.53,-10.30,-27.599115,-48.517005,10,37.78
-13.31,44925.43,18.06,6355.60,0.20,1.23,-10.13,0.49,-4.28,-0.49,-0.62,0.60,-9.16,-27.599111,-48.516989,8,38.01
-13.51,44739.45,19.00,6385.56,-0.16,0.16,-10.54,0.48,-3.63,-0.22,-0.89,0.67,-7.45,-27.599106,-48.516974,8,38.25
-13.70,44554.71,20.19,6415.42,0.33,-0.67,-9.74,-1.09,-4.69,2.93,-0.34,1.72,-8.30,-27.599102,-48.516959,11,38.45
-13.89,44371.18,20.81,6445.19,-0.27,0.20,-9.91,-1.71,-3.43,-1.22,1.31,1.87,-8.98,-27.599097,-48.516944,8,38.65
-14.09,44188.87,17.77,6474.85,-0.32,-0.38,-10.33,1.26,-5.97,-0.27,1.90,0.43,-9.48,-27.599093,-48.516929,10,38.84
-14.28,44007.77,17.85,6504.42,-0.01,0.27,-9.65,-0.20,-3.92,-0.55,2.24,1.09,-9.52,-27.599088,-48.516913,12,39.09
-14.47,43827.87,17.84,6533.89,-0.18,-0.13,-10.36,-0.10,-1.07,0.87,1.27,-1.40,-11.85,-27.599084,-48.516898,10,39.32
-14.66,43649.16,17.38,6563.26,-0.71,0.10,-9.40,0.55,-2.11,0.17,-1.24,-1.47,-11.38,-27.599079,-48.516883,9,39.52
-14.85,43471.63,14.70,6592.54,0.53,-0.30,-10.98,-0.22,-7.08,1.03,-0.11,-1.80,-11.94,-27.599075,-48.516868,8,39.83
-15.04,43295.28,17.98,6621.71,0.09,-0.58,-9.94,-0.01,-3.84,-0.18,-1.72,-1.50,-11.13,-27.599070,-48.516853,8,40.17
-15.23,43120.10,16.21,6650.79,-0.30,0.49,-9.79,2.09,-3.59,0.24,-0.75,-0.11,-10.70,-27.599066,-48.516837,9,40.47
-15.42,42946.09,18.25,6679.77,-0.07,0.32,-9.79,-0.64,-3.22,-0.76,-1.37,2.44,-9.29,-27.599061,-48.516822,11,40.75
-15.61,42773.22,13.96,6708.65,1.78,0.62,-9.84,-0.46,-6.57,-0.74,1.17,2.83,-8.48,-27.599057,-48.516807,10,40.97
-15.79,42601.51,14.81,6737.43,-0.53,0.09,-9.63,-0.79,-5.19,0.26,0.12,3.60,-7.28,-27.599052,-48.516792,10,41.33
-15.98,42430.94,17.54,6766.12,0.02,-0.43,-9.77,-0.27,-3.79,0.01,1.64,-0.80,-8.07,-27.599048,-48.516777,12,41.53
-16.17,42261.50,14.67,6794.70,0.13,0.47,-9.96,0.41,-2.74,-0.98,2.87,0.95,-7.26,-27.599043,-48.516761,12,41.80
-16.35,42093.19,14.25,6823.19,-0.22,-0.07,-10.30,-0.05,-2.87,2.20,1.95,-1.57,-9.84,-27.599039,-48.516746,9,42.12
-16.54,41926.00,16.83,6851.58,-0.06,1.06,-9.71,0.92,-3.89,1.03,1.19,-1.46,-10.59,-27.599034,-48.516731,11,42.40
-16.72,41759.92,14.97,6879.88,-0.33,-0.34,-10.05,-0.83,-4.62,2.10,-1.17,-3.43,-11.08,-27.599030,-48.516716,8,42.74
-16.90,41594.94,15.68,6908.07,-0.33,0.60,-10.20,0.68,-3.95,-0.54,-1.92,-0.87,-13.03,-27.599025,-48.516701,11,42.81
-17.09,41431.07,14.18,6936.17,-0.35,0.42,-10.24,2.90,-3.46,-1.78,-1.76,1.60,-13.37,-27.599021,-48.516685,11,43.06
-17.27,41268.29,14.72,6964.17,0.12,-0.81,-9.77,1.16,-2.54,1.95,-1.63,1.52,-11.20,-27.599016,-48.516670,11,43.31
-17.45,41106.60,14.32,6992.07,-1.28,0.03,-9.12,-1.29,-2.62,0.87,-2.28,2.79,-9.14,-27.599012,-48.516655,12,43.64
-17.63,40945.98,13.30,7019.87,-0.07,0.02,-9.85,0.38,-4.47,-0.13,-0.24,1.36,-8.59,-27.599007,-48.516640,11,43.88
-17.81,40786.44,12.95,7047.57,-0.27,0.22,-10.54,-0.08,-4.63,-0.89,0.62,0.64,-8.48,-27.599003,-48.516625,9,43.98
-17.99,40627.96,13.37,7075.18,-0.15,0.08,-9.25,0.84,-6.11,-1.48,2.35,-0.21,-7.76,-27.598998,-48.516609,12,44.10
-18.17,40470.54,12.64,7102.69,0.69,-0.30,-9.48,-0.13,-2.27,-0.37,2.55,-2.27,-7.24,-27.598994,-48.516594,10,44.21
-18.35,40314.18,13.13,7130.10,-0.28,0.43,-9.51,0.57,-4.94,-0.11,0.28,-1.33,-7.91,-27.598989,-48.516579,10,44.32
-18.52,40158.86,11.82,7157.41,0.32,-0.62,-9.62,0.25,-4.54,-1.88,1.48,-0.94,-9.16,-27.598985,-48.516564,11,44.43
-18.70,40004.58,12.08,7184.62,-0.34,-0.54,-10.80,0.95,-4.00,-0.75,-2.12,-0.23,-12.14,-27.598980,-48.516548,10,44.53
-18.88,39851.34,11.07,7211.74,0.94,0.66,-9.57,-1.83,-4.76,-1.29,-0.49,1.49,-11.51,-27.598976,-48.516533,11,44.65
-19.05,39699.12,12.23,7238.75,-0.32,0.30,-9.45,0.47,-3.73,0.27,-2.04,1.73,-10.57,-27.598971,-48.516518,9,44.76
-19.23,39547.93,10.72,7265.67,-0.78,0.15,-10.09,-0.64,-5.34,0.47,-1.79,1.90,-11.45,-27.598967,-48.516503,9,44.87
-19.40,39397.75,11.13,7292.49,0.13,-0.18,-9.15,-0.58,-4.13,-0.14,-0.64,0.28,-10.99,-27.598962,-48.516488,8,44.97
-19.57,39248.58,11.13,7319.22,-0.08,1.20,-10.41,-2.34,-3.15,-0.43,1.36,0.93,-9.85,-27.598958,-48.516472,8,45.09
-19.75,39100.41,10.96,7345.84,-0.10,0.12,-10.10,-0.33,-4.35,-0.22,1.30,-1.14,-8.44,-27.598953,-48.516457,12,45.19
-19.92,38953.24,11.22,7372.37,0.12,-0.23,-9.71,0.42,-2.97,-1.05,1.77,-1.32,-8.10,-27.598949,-48.516442,11,45.30
-20.09,38807.06,10.72,7398.80,0.28,1.08,-9.61,-0.57,-4.05,1.76,2.21,0.73,-7.95,-27.598944,-48.516427,8,45.42
-20.26,38661.86,7.93,7425.13,0.62,-0.30,-10.47,-1.49,-3.67,0.37,0.58,-1.69,-8.94,-27.598940,-48.516412,12,45.54
-20.43,38517.64,7.82,7451.36,-0.62,0.65,-9.49,1.00,-3.37,0.66,-0.81,1.28,-8.49,-27.598936,-48.516396,8,45.65
-20.60,38374.40,7.94,7477.49,0.00,-0.34,-9.59,-1.02,-4.42,0.40,-0.20,1.72,-9.16,-27.598931,-48.516381,9,45.75
-20.77,38232.12,11.08,7503.53,0.57,0.10,-8.57,1.33,-4.00,0.00,-1.74,1.93,-9.98,-27.598927,-48.516366,12,45.87
-20.94,38090.80,10.22,7529.47,-0.05,0.14,-9.57,-0.74,-3.16,-0.57,-1.68,3.30,-10.88,-27.598922,-48.516351,8,45.97
-21.11,37950.44,9.73,7555.31,-0.14,-0.64,-10.07,-0.76,-4.44,-0.16,-0.96,0.20,-12.67,-27.598918,-48.516336,10,46.09
-21.28,37811.03,9.82,7581.05,-0.55,-0.63,-9.75,0.26,-4.33,1.15,0.61,-1.07,-11.24,-27.598913,-48.516320,9,46.19
-21.44,37672.56,9.62,7606.69,-0.40,0.27,-9.00,-0.59,-4.11,0.99,0.77,-0.95,-9.11,-27.598909,-48.516305,11,46.30
-21.61,37535.03,8.82,7632.24,0.17,0.01,-9.59,2.75,-3.47,-0.68,1.96,-1.95,-7.85,-27.598904,-48.516290,8,46.43
-21.77,37398.44,8.66,7657.69,-0.21,0.06,-9.04,-0.41,-3.00,1.63,1.85,-0.71,-7.89,-27.598900,-48.516275,12,46.54
-21.94,37262.77,8.31,7683.04,0.64,-0.30,-9.71,0.12,-3.93,-1.18,0.88,-1.03,-6.97,-27.598895,-48.516260,12,46.64
-22.10,37128.02,8.17,7708.29,-0.01,-0.13,-10.71,0.72,-2.97,1.60,0.01,-0.42,-8.14,-27.598891,-48.516244,10,46.76
-22.27,36994.18,8.57,7733.44,1.14,-0.30,-9.38,1.69,-3.53,-0.55,0.67,0.61,-7.98,-27.598886,-48.516229,11,46.86
-22.43,36861.26,7.59,7758.50,0.19,0.21,-10.00,-0.49,-3.61,1.41,-1.86,2.94,-9.14,-27.598882,-48.516214,12,46.97
-22.59,36729.25,7.61,7783.46,-0.34,-0.07,-9.29,0.30,-4.07,1.04,-2.49,1.15,-9.15,-27.598877,-48.516199,8,47.09
-22.75,36598.13,6.34,7808.31,-0.02,0.19,-9.74,-1.97,-5.47,1.50,-1.38,-0.50,-10.78,-27.598873,-48.516184,12,47.19
-22.91,36467.91,5.20,7833.08,0.46,-0.12,-9.62,-1.06,-3.97,0.05,0.59,-1.73,-11.86,-27.598868,-48.516168,10,47.31
-23.08,36338.57,8.74,7857.74,-0.26,0.63,-10.59,-0.19,-2.68,-0.75,1.10,-0.91,-11.73,-27.598864,-48.516153,9,47.41
-23.23,36210.12,6.28,7882.30,-0.45,-0.43,-8.96,0.95,-3.84,-1.49,1.77,-1.95,-9.36,-27.598859,-48.516138,10,47.53
-23.39,36082.55,5.59,7906.77,0.22,-0.15,-10.03,1.11,-3.43,0.15,1.98,-0.71,-9.38,-27.598855,-48.516123,12,47.65
-23.55,35955.85,6.95,7931.14,0.10,0.38,-9.46,1.23,-5.93,-0.15,2.21,0.43,-7.88,-27.598850,-48.516108,12,47.75
-23.71,35830.03,9.10,7955.41,-0.14,-0.05,-9.27,1.48,-2.89,1.12,0.93,1.47,-8.20,-27.598846,-48.516092,8,47.87
-23.87,35705.06,7.43,7979.58,0.62,0.63,-8.83,-0.75,-5.54,1.27,-0.25,2.34,-7.59,-27.598841,-48.516077,9,48.00
-24.02,35580.95,6.10,8003.66,-0.47,0.00,-9.10,0.24,-3.18,0.28,-1.18,1.39,-7.15,-27.598837,-48.516062,11,48.10
-24.18,35457.70,5.85,8027.63,0.05,-0.24,-9.65,-0.11,-4.80,1.65,-2.72,0.72,-9.43,-27.598832,-48.516047,8,48.21
-24.33,35335.29,6.80,8051.51,0.65,-0.58,-9.92,0.27,-3.74,0.12,-0.59,-1.76,-11.00,-27.598828,-48.516032,12,48.32
-24.49,35213.73,5.82,8075.29,-0.67,-0.31,-9.82,0.11,-3.96,0.35,-1.91,-2.75,-10.70,-27.598823,-48.516016,10,48.44
-24.64,35093.00,4.47,8098.97,-0.20,-0.95,-10.48,1.14,-4.87,2.66,0.21,-3.55,-12.05,-27.598819,-48.516001,8,48.55
-24.80,34973.11,5.33,8122.56,-0.45,-0.36,-10.13,-0.21,-3.45,0.19,1.01,-2.09,-12.66,-27.598814,-48.515986,10,48.67
-24.95,34854.05,4.99,8146.04,0.23,-0.63,-9.05,1.02,-6.30,-1.12,1.68,-0.02,-10.24,-27.598810,-48.515971,11,48.77
-25.10,34735.81,4.43,8169.43,0.81,-0.50,-9.53,-0.02,-4.47,0.09,1.85,0.72,-10.53,-27.598805,-48.515955,11,48.89
-25.25,34618.39,4.29,8192.72,-0.39,1.04,-9.50,-0.20,-3.27,-0.74,1.17,2.43,-9.92,-27.598801,-48.515940,12,48.99
-25.40,34501.78,3.67,8215.91,-0.52,-0.14,-9.54,-0.27,-3.59,-0.05,-0.18,1.32,-8.03,-27.598796,-48.515925,12,49.10
-25.55,34385.99,4.11,8239.00,-0.05,0.69,-9.56,0.71,-4.22,0.48,-1.11,2.55,-7.11,-27.598792,-48.515910,11,49.20
-25.70,34270.99,4.51,8262.00,-0.73,0.30,-9.50,-0.40,-2.35,0.89,-2.90,0.18,-7.81,-27.598787,-48.515895,10,49.32
-25.85,34156.80,4.23,8284.90,0.05,-0.02,-10.46,-1.13,-4.33,0.30,-2.22,-2.09,-8.98,-27.598783,-48.515879,11,49.42
-26.00,34043.41,3.46,8307.69,-0.38,-0.45,-10.34,-0.40,-2.77,0.70,-0.77,-2.39,-9.78,-27.598778,-48.515864,8,49.55
-26.15,33930.80,3.15,8330.40,-0.05,0.38,-9.79,0.14,-5.85,-1.64,-0.53,-1.62,-11.31,-27.598774,-48.515849,11,49.66
-26.29,33818.98,3.88,8353.00,0.12,0.66,-9.69,1.48,-4.52,-0.73,1.20,-0.05,-11.76,-27.598769,-48.515834,10,49.78
-26.44,33707.95,3.89,8375.50,0.46,0.13,-9.28,0.71,-2.64,-0.02,1.80,0.25,-11.52,-27.598765,-48.515819,8,49.90
-26.59,33597.69,2.00,8397.91,-0.09,0.30,-9.67,2.16,-3.74,-1.44,0.93,2.87,-11.56,-27.598760,-48.515803,10,50.00
-26.73,33488.20,1.74,8420.22,-0.01,-0.12,-9.22,0.09,-5.88,-0.83,1.92,1.59,-11.13,-27.598756,-48.515788,10,50.12
-26.88,33379.48,2.62,8442.43,-0.84,0.26,-10.26,-0.78,-4.54,0.53,0.07,1.99,-10.41,-27.598751,-48.515773,11,50.21
-27.02,33271.53,4.19,8464.54,0.02,-0.01,-9.80,0.27,-4.44,-0.22,-1.12,0.83,-10.10,-27.598747,-48.515758,12,50.32
-27.16,33164.34,3.41,8486.55,0.04,0.34,-9.74,1.08,-3.86,0.62,-2.08,-0.26,-8.30,-27.598742,-48.515743,10,50.42
-27.31,33057.90,3.34,8508.47,-0.64,0.83,-9.58,0.56,-3.93,-1.37,-2.43,-0.53,-7.68,-27.598738,-48.515727,8,50.54
-27.45,32952.21,3.17,8530.29,1.00,-0.68,-9.80,-1.01,-4.55,0.36,-0.64,-3.41,-8.70,-27.598733,-48.515712,12,50.65
-27.59,32847.27,0.87,8552.01,0.18,-0.49,-9.55,0.86,-3.76,-0.25,-0.31,-1.92,-8.21,-27.598729,-48.515697,12,50.76
-27.73,32743.08,2.09,8573.63,0.89,0.15,-8.94,0.20,-6.54,-0.23,1.02,-0.35,-8.15,-27.598724,-48.515682,12,50.87
-27.87,32639.62,0.24,8595.15,0.13,-0.98,-9.44,-0.29,-3.57,-0.24,0.81,0.36,-10.26,-27.598720,-48.515667,9,50.98
-28.01,32536.89,0.60,8616.58,-0.21,-0.44,-9.58,1.20,-4.95,-0.25,1.22,2.68,-11.37,-27.598715,-48.515651,8,51.08
-28.15,32434.90,2.49,8637.91,0.02,-0.59,-10.35,0.30,-2.63,-2.29,1.72,2.11,-13.58,-27.598711,-48.515636,9,51.20
-28.28,32333.64,0.25,8659.14,-0.05,0.43,-11.09,-1.17,-3.41,-0.90,1.09,1.28,-12.68,-27.598706,-48.515621,10,51.31
-28.42,32233.09,2.47,8680.27,0.10,-0.77,-10.38,1.12,-4.96,-0.86,-0.08,-1.18,-12.05,-27.598702,-48.515606,10,51.41
-28.56,32133.27,0.99,8701.30,-0.09,1.25,-10.16,-0.44,-3.66,0.09,-0.44,-0.44,-9.33,-27.598697,-48.515591,9,51.53
-28.69,32034.16,1.39,8722.24,-0.13,-0.04,-10.17,-1.03,-4.03,1.44,-1.92,-1.70,-9.49,-27.598693,-48.515575,9,51.64
-28.83,31935.75,0.00,8743.07,0.44,0.81,-10.25,0.57,-4.51,-0.79,-0.71,-1.58,-8.44,-27.598688,-48.515560,10,51.74
-28.96,31838.06,1.45,8763.81,-0.04,0.20,-10.04,0.87,-3.91,0.51,-2.39,-0.73,-7.98,-27.598684,-48.515545,12,51.86
-29.10,31741.07,0.88,8784.45,-0.20,-0.07,-8.60,0.58,-3.77,-0.21,-0.66,0.40,-6.48,-27.598679,-48.515530,8,51.97
-29.23,31644.77,0.00,8805.00,-0.43,0.22,-9.76,-1.60,-3.38,0.55,0.96,1.24,-8.59,-27.598675,-48.515515,10,52.09
-29.37,31549.18,0.00,8825.44,0.57,0.23,-10.03,-0.26,-3.84,-1.34,1.85,2.24,-9.29,-27.598670,-48.515499,9,52.19
-29.50,31454.27,0.00,8845.79,0.11,-1.19,-10.55,1.03,-3.66,-0.12,1.99,-1.60,-11.43,-27.598666,-48.515484,11,52.30
-29.63,31360.05,0.00,8866.04,0.36,-0.45,-9.62,-1.29,-2.56,-0.29,1.60,1.59,-11.38,-27.598662,-48.515469,10,52.42
-29.76,31266.51,0.00,8886.19,-0.25,0.18,-10.03,-0.67,-4.57,-1.30,0.46,-0.09,-11.99,-27.598657,-48.515454,11,52.52
-29.89,31173.65,0.00,8906.24,-0.53,-0.27,-10.28,-1.05,-4.84,-0.28,-1.46,-2.79,-11.91,-27.598653,-48.515439,9,52.63
-30.02,31081.47,0.00,8926.19,-0.50,0.55,-10.31,0.88,-3.91,-0.30,-2.71,-1.13,-10.03,-27.598648,-48.515423,11,52.74
-30.15,30989.97,0.00,8946.05,-0.49,0.21,-9.31,1.17,-4.64,1.37,-2.36,-1.50,-8.81,-27.598644,-48.515408,11,52.85
-30.28,30899.13,0.00,8965.81,-0.42,0.32,-9.32,0.35,-3.55,-1.59,-1.92,1.13,-8.93,-27.598639,-48.515393,10,52.95
-30.41,30808.95,0.00,8985.47,0.09,-0.63,-9.51,0.78,-4.49,0.29,-0.22,0.17,-7.79,-27.598635,-48.515378,10,53.08
-30.53,30719.44,0.00,9005.03,-0.58,0.21,-9.76,-0.92,-4.53,0.35,-0.59,1.90,-7.50,-27.598630,-48.515362,11,53.19
-30.66,30630.58,0.00,9024.49,0.56,0.19,-9.74,1.66,-3.14,0.79,1.30,2.42,-9.25,-27.598626,-48.515347,9,53.31
-30.79,30542.38,0.00,9043.86,-0.68,0.38,-9.67,-0.32,-3.70,1.89,1.69,1.43,-10.01,-27.598621,-48.515332,9,53.41
-30.91,30454.83,0.00,9063.12,0.89,0.28,-8.96,-0.66,-3.64,-0.77,3.55,-0.91,-11.36,-27.598617,-48.515317,9,53.53
-31.03,30367.93,0.00,9082.29,-0.63,0.59,-9.42,-0.71,-3.65,-0.21,1.09,-1.14,-10.54,-27.598612,-48.515302,8,53.63
-31.16,30281.67,0.00,9101.36,-0.10,0.05,-10.48,-0.84,-4.63,1.10,-1.10,-1.52,-12.95,-27.598608,-48.515286,10,53.74
-31.28,30196.06,0.00,9120.34,0.83,0.14,-9.75,-1.44,-1.97,0.07,-0.16,-0.95,-11.94,-27.598603,-48.515271,9,53.86
-31.40,30111.08,0.00,9139.21,-0.18,0.27,-9.81,0.25,-2.78,-0.13,-1.28,-0.37,-10.80,-27.598599,-48.515256,11,53.96
-31.53,30026.73,0.00,9157.99,-0.06,0.07,-10.72,0.63,-3.76,0.77,-1.81,0.95,-12.19,-27.598594,-48.515241,11,54.08
-31.65,29943.02,0.00,9176.67,0.05,0.46,-9.65,-1.07,-4.14,0.70,-0.75,2.63,-9.05,-27.598590,-48.515226,10,54.20
-31.77,29859.93,0.00,9195.25,0.03,-0.29,-10.17,0.67,-4.58,3.65,0.08,2.43,-8.81,-27.598585,-48.515210,10,54.30
-31.89,29777.46,0.00,9213.73,0.66,0.08,-8.61,1.10,-3.37,-0.14,1.01,2.38,-6.42,-27.598581,-48.515195,9,54.41
-32.01,29695.62,0.00,9232.12,-1.12,0.32,-9.61,-1.08,-5.01,-1.23,0.22,1.65,-7.92,-27.598576,-48.515180,9,54.52
-32.13,29614.39,0.00,9250.40,-0.13,-0.03,-9.47,0.76,-3.43,-0.04,1.35,0.31,-8.25,-27.598572,-48.515165,9,54.63
-32.25,29533.78,0.00,9268.59,1.06,-0.16,-9.70,-0.06,-4.07,0.23,3.19,-0.73,-10.04,-27.598567,-48.515150,11,54.75
-32.36,29453.78,0.00,9286.68,0.96,0.36,-10.68,1.31,-3.85,-0.43,1.64,-1.94,-12.37,-27.598563,-48.515134,8,54.85
-32.48,29374.39,0.00,9304.67,0.63,0.09,-9.85,-0.48,-4.00,0.53,-0.86,-1.05,-11.27,-27.598558,-48.515119,12,54.96
-32.60,29295.60,0.00,9322.57,1.03,-0.30,-10.01,-0.13,-4.26,-1.01,-1.08,-1.44,-12.08,-27.598554,-48.515104,9,55.07
-32.71,29217.42,0.00,9340.36,0.54,-0.72,-10.32,-0.07,-3.96,1.17,-2.10,0.45,-11.08,-27.598549,-48.515089,8,55.19
-32.83,29139.83,0.00,9358.06,0.88,-0.18,-9.50,-1.05,-4.19,-0.23,-0.47,0.84,-10.32,-27.598545,-48.515074,8,55.30
-32.94,29062.84,0.00,9375.66,0.04,0.04,-8.45,1.45,-2.98,1.30,-1.35,2.72,-8.86,-27.598540,-48.515058,10,55.42
-33.06,28986.44,0.00,9393.16,-0.05,0.80,-9.25,-0.13,-5.24,-0.91,-0.26,2.02,-8.55,-27.598536,-48.515043,9,55.52
-33.17,28910.63,0.00,9410.57,-0.56,-0.40,-9.73,2.42,-3.52,-0.09,0.66,-0.57,-7.81,-27.598531,-48.515028,11,55.64
-33.28,28835.41,0.00,9427.87,-0.04,-0.02,-10.66,0.78,-3.22,-0.32,1.60,-0.49,-8.25,-27.598527,-48.515013,9,55.74
-33.39,28760.77,0.00,9445.08,0.04,-0.62,-9.67,-0.34,-2.51,-0.21,1.78,-2.14,-8.28,-27.598522,-48.514998,8,55.85
-33.50,28686.71,0.00,9462.19,-0.32,0.30,-9.48,1.45,-3.48,1.52,1.89,-1.40,-8.29,-27.598518,-48.514982,11,55.95
-33.61,28613.23,0.00,9479.20,-0.32,0.03,-9.47,0.06,-3.62,0.77,-0.66,-0.39,-9.96,-27.598513,-48.514967,9,56.07
-33.72,28540.32,0.00,9496.11,0.32,0.27,-10.17,1.34,-4.69,0.06,-1.99,-0.69,-12.02,-27.598509,-48.514952,8,56.17
-33.83,28467.99,0.00,9512.93,-0.32,-0.02,-9.37,-0.30,-4.27,1.61,-3.16,2.12,-11.29,-27.598504,-48.514937,10,56.29
-33.94,28396.22,0.00,9529.64,0.48,0.44,-8.76,-1.77,-3.06,0.81,-1.25,1.78,-11.46,-27.598500,-48.514922,10,56.39
-34.05,28325.03,0.00,9546.26,-0.30,0.67,-9.45,-0.92,-4.13,0.05,-1.08,2.46,-10.11,-27.598495,-48.514906,10,56.51
-34.16,28254.39,0.00,9562.78,0.41,-0.08,-9.66,1.69,-2.75,1.33,0.92,0.52,-10.00,-27.598491,-48.514891,12,56.61
-34.26,28184.32,0.00,9579.21,0.11,-0.16,-9.87,-1.81,-3.49,0.16,0.53,0.12,-10.19,-27.598486,-48.514876,10,56.73
-34.37,28114.80,0.00,9595.53,0.23,-0.43,-9.45,-1.39,-4.12,2.64,1.27,-2.62,-7.92,-27.598482,-48.514861,10,56.83
-34.48,28045.84,0.00,9611.76,-0.10,1.19,-10.28,-1.63,-3.48,-0.97,1.92,-0.38,-8.25,-27.598477,-48.514846,12,56.95
-34.58,27977.43,0.00,9627.88,0.57,0.57,-9.88,0.08,-2.05,0.01,1.61,-1.03,-6.28,-27.598473,-48.514830,8,57.06
-34.69,27909.58,0.00,9643.91,0.29,-0.44,-10.11,0.21,-4.17,-1.27,0.19,-1.01,-8.62,-27.598468,-48.514815,10,57.16
-34.79,27842.27,0.00,9659.85,-0.26,-0.78,-9.66,-0.79,-2.71,-0.55,-1.32,0.49,-10.63,-27.598464,-48.514800,11,57.30
-34.89,27775.50,0.00,9675.68,-0.27,-0.21,-9.89,1.23,-3.35,0.33,-1.78,1.85,-10.60,-27.598459,-48.514785,8,57.38
-34.99,27709.28,0.00,9691.42,-0.05,-0.32,-10.12,0.70,-4.93,2.56,-1.42,2.11,-10.60,-27.598455,-48.514770,11,57.50
-35.10,27643.59,0.00,9707.05,-0.20,-0.46,-9.71,0.06,-3.79,-0.97,-2.03,0.64,-10.53,-27.598450,-48.514754,12,57.62
-35.20,27578.45,0.00,9722.59,0.32,0.39,-8.69,0.12,-4.69,0.90,-0.32,0.44,-9.96,-27.598446,-48.514739,8,57.72
-35.30,27513.84,0.00,9738.03,0.97,0.42,-9.73,-1.79,-3.46,-0.26,1.69,-0.94,-11.31,-27.598441,-48.514724,12,57.83
-35.40,27449.76,0.00,9753.38,-0.79,0.01,-9.72,-1.14,-4.09,0.72,0.50,-2.30,-9.79,-27.598437,-48.514709,8,57.95
-35.50,27386.21,0.00,9768.62,-0.86,0.06,-9.97,1.66,-3.32,0.39,0.88,-1.98,-9.28,-27.598432,-48.514693,12,58.05
-35.59,27323.18,0.00,9783.77,0.43,-0.44,-9.61,0.42,-4.26,1.28,2.24,-1.51,-7.52,-27.598428,-48.514678,8,58.17
-35.69,27260.68,0.00,9798.82,-0.78,-0.16,-9.87,0.77,-4.62,-0.52,0.70,-0.54,-6.52,-27.598423,-48.514663,11,58.27
-35.79,27198.71,0.00,9813.77,-0.12,0.30,-10.31,1.60,-5.33,0.69,-0.88,1.57,-8.67,-27.598419,-48.514648,8,58.38
-35.89,27137.25,0.00,9828.62,0.15,0.17,-9.74,-0.94,-3.80,-0.80,-1.19,3.42,-8.01,-27.598414,-48.514633,9,58.48
-35.98,27076.31,0.00,9843.38,-0.08,0.71,-9.99,-0.72,-2.93,-0.84,-1.41,1.97,-9.82,-27.598410,-48.514617,8,58.61
-36.08,27015.88,0.00,9858.03,0.44,-0.52,-9.20,-0.35,-3.48,0.82,-2.12,0.64,-10.30,-27.598405,-48.514602,10,58.71
-36.17,26955.97,0.00,9872.59,-0.19,0.23,-10.18,0.25,-3.08,-0.31,-1.41,0.87,-11.80,-27.598401,-48.514587,8,58.82
-36.27,26896.57,0.00,9887.05,-0.70,-0.47,-9.42,-1.24,-2.78,-0.47,-1.72,-2.02,-12.00,-27.598397,-48.514572,11,58.94
-36.36,26837.67,0.00,9901.42,0.47,0.26,-9.55,-0.97,-5.14,0.73,2.95,-1.56,-10.28,-27.598392,-48.514557,12,59.06
-36.45,26779.28,0.00,9915.68,-0.25,0.35,-10.49,-1.10,-5.37,0.01,1.45,-1.51,-11.03,-27.598388,-48.514541,8,59.16
-36.54,26721.40,0.00,9929.85,-1.13,-0.23,-9.96,-0.71,-3.19,-1.11,0.37,-0.30,-10.01,-27.598383,-48.514526,8,59.27
-36.64,26664.01,0.00,9943.92,-0.17,-0.37,-9.85,-1.95,-4.76,1.27,1.77,1.21,-8.83,-27.598379,-48.514511,9,59.39
-36.73,26607.13,0.00,9957.89,-0.25,0.33,-10.58,0.94,-3.38,0.35,0.45,2.28,-8.61,-27.598374,-48.514496,12,59.49
-36.82,26550.74,0.00,9971.76,-0.31,-0.17,-10.10,0.02,-2.40,0.89,-2.41,2.55,-7.61,-27.598370,-48.514481,12,59.61
-36.91,26494.85,0.00,9985.53,-0.89,0.90,-9.84,0.96,-4.37,0.10,-3.11,1.90,-7.86,-27.598365,-48.514465,9,59.72
-36.99,26439.45,0.00,9999.21,0.05,-0.64,-9.80,1.66,-4.85,-2.19,-0.74,-1.81,-9.29,-27.598361,-48.514450,8,59.83
-37.08,26384.53,0.00,10012.78,0.47,0.69,-9.74,-0.75,-2.74,-0.88,-0.75,0.11,-8.94,-27.598356,-48.514435,9,59.95
-37.17,26330.11,0.00,10026.26,0.62,-0.08,-10.74,0.44,-3.86,0.49,0.76,-2.08,-11.62,-27.598352,-48.514420,8,60.05
-37.26,26276.17,0.00,10039.64,0.29,-0.32,-9.40,-1.33,-5.37,1.96,0.89,-2.86,-10.15,-27.598347,-48.514405,12,60.17
-37.34,26222.72,0.00,10052.93,-0.17,0.71,-9.66,-2.23,-4.91,-0.64,0.88,0.02,-11.51,-27.598343,-48.514389,10,60.27
-37.43,26169.75,0.00,10066.11,0.13,0.39,-9.74,0.95,-4.18,0.25,1.50,0.22,-11.33,-27.598338,-48.514374,10,60.38
-37.51,26117.26,0.00,10079.20,0.26,-0.65,-10.95,-0.07,-3.81,-1.12,2.32,0.18,-11.83,-27.598334,-48.514359,8,60.50
-37.60,26065.24,0.00,10092.19,0.88,-0.34,-10.18,-1.80,-2.89,-0.14,2.11,2.16,-9.39,-27.598329,-48.514344,9,60.60
-37.68,26013.71,0.00,10105.08,-0.49,-0.16,-9.71,-0.90,-3.25,-0.95,0.09,1.60,-9.02,-27.598325,-48.514329,10,60.71
-37.77,25962.64,0.00,10117.87,0.70,-0.38,-9.36,-2.68,-4.80,-1.28,-0.38,0.38,-7.22,-27.598320,-48.514313,8,60.83
-37.85,25912.05,0.00,10130.57,0.77,0.31,-10.14,0.23,-4.20,-0.42,-1.89,0.42,-7.13,-27.598316,-48.514298,12,60.93
-37.93,25861.93,0.00,10143.16,0.26,-0.60,-9.97,-0.78,-5.59,-0.14,-0.57,-1.36,-9.97,-27.598311,-48.514283,8,61.03
-38.01,25812.27,0.00,10155.66,-0.53,0.08,-9.25,0.45,-3.97,-1.48,-0.83,-1.66,-8.43,-27.598307,-48.514268,10,61.15
-38.09,25763.08,0.00,10168.06,-0.91,1.34,-9.58,-0.20,-5.13,0.14,-0.80,0.21,-10.71,-27.598302,-48.514253,9,61.26
-38.17,25714.36,0.00,10180.37,-0.27,-0.02,-9.60,-0.42,-5.11,0.47,0.35,-0.75,-11.18,-27.598298,-48.514237,11,61.37
-38.25,25666.10,0.00,10192.57,-0.88,0.16,-9.34,1.26,-3.00,0.75,2.26,0.66,-11.89,-27.598293,-48.514222,8,61.47
-38.33,25618.30,0.00,10204.68,-0.30,0.34,-9.65,0.66,-5.04,-0.07,1.42,1.83,-10.86,-27.598289,-48.514207,9,61.59
-38.41,25570.95,0.00,10216.68,0.24,0.19,-10.20,-1.60,-2.83,-0.35,1.23,2.24,-10.81,-27.598284,-48.514192,12,61.69
-38.49,25524.07,0.00,10228.59,-0.34,-0.07,-9.20,0.12,-3.72,1.25,-0.05,1.17,-8.36,-27.598280,-48.514177,11,61.80
-38.56,25477.64,0.00,10240.41,0.10,0.91,-9.55,-0.11,-2.75,-1.46,-1.55,1.51,-9.00,-27.598275,-48.514161,9,61.92
-38.64,25431.66,0.00,10252.12,0.62,1.08,-9.35,0.12,-5.40,-0.37,-1.57,-0.05,-7.95,-27.598271,-48.514146,11,62.02
-38.71,25386.13,0.00,10263.74,0.03,-0.34,-9.47,1.24,-1.65,2.75,-2.00,-2.64,-6.67,-27.598266,-48.514131,8,62.14
-38.79,25341.06,0.00,10275.25,0.42,0.36,-9.77,-1.13,-2.49,-1.67,-1.51,-2.06,-7.58,-27.598262,-48.514116,9,62.24
-38.86,25296.43,0.00,10286.67,-0.60,0.08,-9.75,-1.26,-4.45,0.14,-1.44,-1.48,-8.84,-27.598257,-48.514100,11,62.36
-38.94,25252.24,0.00,10297.99,-0.35,-0.33,-9.69,-0.05,-2.71,2.14,0.07,0.50,-9.33,-27.598253,-48.514085,11,62.48
-39.01,25208.51,0.00,10309.22,0.63,-0.09,-9.59,0.15,-2.91,0.40,2.01,1.19,-10.92,-27.598248,-48.514070,10,62.58
-39.08,25165.21,0.00,10320.34,-0.36,0.26,-9.93,1.54,-5.42,-0.16,1.64,1.77,-12.11,-27.598244,-48.514055,9,62.69
-39.15,25122.36,0.00,10331.37,-0.04,0.08,-9.68,0.12,-3.17,0.53,1.31,2.80,-12.17,-27.598239,-48.514040,8,62.82
-39.22,25079.94,0.00,10342.30,0.06,0.41,-8.95,-1.18,-5.69,-0.78,0.47,0.86,-11.13,-27.598235,-48.514024,12,62.93
-39.30,25037.97,0.00,10353.13,0.45,-0.38,-10.57,0.85,-3.06,0.07,0.04,-1.22,-12.01,-27.598230,-48.514009,8,63.04
-39.37,24996.43,0.00,10363.86,-1.14,-0.00,-9.94,1.67,-3.88,0.86,-2.32,-0.79,-9.73,-27.598226,-48.513994,10,63.14
-39.43,24955.32,0.00,10374.50,-0.55,0.03,-10.04,-0.35,-3.14,0.02,-1.67,-2.13,-9.62,-27.598221,-48.513979,8,63.27
-39.50,24914.65,0.00,10385.03,-0.05,-0.64,-10.56,2.09,-2.62,-1.33,-1.34,-2.29,-9.09,-27.598217,-48.513964,12,63.37
-39.57,24874.41,0.00,10395.47,0.38,0.32,-8.93,2.25,-3.64,1.17,-0.75,-0.27,-7.31,-27.598212,-48.513948,10,63.48
-39.64,24834.60,0.00,10405.81,0.03,0.75,-10.05,-1.02,-3.62,1.34,-0.82,2.60,-7.59,-27.598208,-48.513933,10,63.58
-39.70,24795.21,0.00,10416.05,-0.13,0.23,-9.91,0.85,-5.01,-0.12,0.97,1.54,-8.53,-27.598203,-48.513918,12,63.72
-39.77,24756.26,0.00,10426.20,-0.01,-0.74,-9.86,0.30,-3.34,1.04,2.25,1.30,-11.33,-27.598199,-48.513903,11,63.80
-39.84,24717.73,0.00,10436.24,-0.30,-1.00,-9.88,-1.63,-3.94,0.78,1.92,0.11,-11.59,-27.598194,-48.513888,8,63.92
-39.90,24679.63,0.00,10446.19,1.43,0.85,-10.13,-0.27,-6.02,-0.35,2.63,1.03,-11.57,-27.598190,-48.513872,11,64.02
-39.96,24641.94,0.00,10456.04,-0.35,0.54,-9.84,-1.07,-5.70,-1.54,0.19,0.12,-11.55,-27.598185,-48.513857,10,64.13
-40.03,24604.68,0.00,10465.79,-0.71,0.09,-11.35,-0.24,-2.93,1.16,-2.05,-3.20,-12.26,-27.598181,-48.513842,12,64.26
-40.09,24567.84,0.00,10475.45,0.53,-0.33,-10.13,1.31,-2.86,-0.89,-0.87,-2.57,-10.71,-27.598176,-48.513827,9,64.36
-40.15,24531.42,0.00,10485.00,-0.47,0.36,-9.37,0.51,-6.13,1.26,-2.68,-1.39,-9.35,-27.598172,-48.513812,10,64.48
-40.21,24495.41,0.00,10494.46,0.26,0.54,-8.47,-0.79,-3.85,0.49,-0.80,0.98,-7.17,-27.598167,-48.513796,9,64.60
-40.27,24459.82,0.00,10503.82,-0.45,-0.44,-9.83,0.78,-4.89,-0.58,-1.25,0.34,-7.20,-27.598163,-48.513781,8,64.71
-40.34,24424.64,0.00,10513.08,0.52,-0.68,-10.26,-1.10,-5.83,-0.03,0.80,1.98,-7.23,-27.598158,-48.513766,8,64.81
-40.39,24389.88,0.00,10522.24,0.08,0.16,-10.60,2.09,-3.97,-0.56,1.59,2.45,-8.84,-27.598154,-48.513751,8,64.93
-40.45,24355.53,0.00,10531.31,-0.68,0.17,-10.69,0.17,-6.54,-0.99,0.77,1.66,-10.11,-27.598149,-48.513736,11,65.03
-40.51,24321.59,0.00,10540.27,-0.31,0.26,-10.43,0.53,-3.18,0.13,2.30,-0.29,-10.72,-27.598145,-48.513720,10,65.15
-40.57,24288.05,0.00,10549.14,1.37,-0.19,-9.58,-2.13,-3.58,-0.65,1.74,-1.75,-10.84,-27.598140,-48.513705,11,65.26
-40.63,24254.93,0.00,10557.91,0.01,-0.14,-10.39,0.79,-2.66,-0.49,-0.21,-2.06,-13.38,-27.598136,-48.513690,8,65.37
-40.68,24222.21,0.00,10566.59,-0.06,-0.28,-9.02,0.15,-3.66,-1.35,-1.05,-1.24,-10.46,-27.598132,-48.513675,10,65.48
-40.74,24189.90,0.00,10575.16,-0.17,0.28,-10.56,0.26,-3.60,1.40,-2.40,-0.05,-11.57,-27.598127,-48.513660,12,65.58
-40.79,24157.99,0.00,10583.64,0.20,0.32,-9.99,0.11,-2.80,-0.66,-1.65,1.01,-10.95,-27.598123,-48.513644,12,65.72
-40.85,24126.48,0.00,10592.02,-0.34,0.41,-9.93,0.49,-3.39,0.42,-0.82,2.03,-9.45,-27.598118,-48.513629,8,65.82
-40.90,24095.38,0.00,10600.30,0.00,0.35,-9.52,-1.37,-3.38,0.13,-0.42,2.27,-8.82,-27.598114,-48.513614,9,65.94
-40.96,24064.67,0.00,10608.48,-0.89,-0.26,-9.95,1.55,-4.70,0.34,1.07,1.77,-7.76,-27.598109,-48.513599,9,66.04
-41.01,24034.37,0.00,10616.56,0.05,-0.15,-9.44,0.39,-6.81,0.13,1.20,0.45,-7.75,-27.598105,-48.513584,11,66.15
-41.06,24004.46,0.00,10624.55,0.01,0.45,-10.18,-0.57,-5.30,-0.21,2.94,-0.52,-9.15,-27.598100,-48.513568,8,66.27
-41.11,23974.95,0.00,10632.44,-0.69,-0.38,-9.58,-0.16,-4.30,-1.34,0.60,-2.57,-9.67,-27.598096,-48.513553,8,66.37
-41.16,23945.84,0.00,10640.23,0.57,0.39,-10.49,0.89,-3.58,-0.19,1.20,-2.13,-10.99,-27.598091,-48.513538,11,66.47
-41.21,23917.12,0.00,10647.92,-0.16,-0.73,-11.15,1.19,-3.22,-0.12,-2.75,-2.46,-12.55,-27.598087,-48.513523,11,66.59
-41.26,23888.79,0.00,10655.51,0.89,-0.10,-9.38,-0.99,-5.32,-0.38,-1.34,0.28,-10.54,-27.598082,-48.513507,12,66.71
-41.31,23860.86,0.00,10663.01,-0.39,0.44,-9.36,-0.40,-3.61,-0.44,-2.38,1.05,-10.12,-27.598078,-48.513492,10,66.83
-41.36,23833.32,0.00,10670.40,-0.49,0.20,-10.66,0.16,-3.20,0.12,-1.97,2.41,-10.60,-27.598073,-48.513477,11,66.94
-41.41,23806.17,0.00,10677.70,-0.58,0.26,-10.80,-1.24,-3.55,-0.06,-0.04,0.95,-10.46,-27.598069,-48.513462,12,67.06
-41.45,23779.41,0.00,10684.90,0.82,0.59,-10.21,0.56,-3.04,-1.81,0.91,2.14,-8.22,-27.598064,-48.513447,11,67.16
-41.50,23753.03,0.00,10692.01,0.67,0.18,-10.07,0.76,-5.52,-0.59,2.35,0.22,-7.41,-27.598060,-48.513431,12,67.27
-41.54,23727.05,0.00,10699.01,-0.59,-0.11,-9.47,0.73,-3.36,1.18,1.66,-1.49,-7.78,-27.598055,-48.513416,8,67.38
-41.59,23701.45,0.00,10705.92,-0.26,0.56,-10.46,-0.37,-3.10,0.90,2.13,-2.51,-8.88,-27.598051,-48.513401,10,67.49
-41.63,23676.23,0.00,10712.73,-0.29,-0.01,-9.70,1.09,-3.76,0.50,0.07,-1.45,-9.79,-27.598046,-48.513386,11,67.61
-41.68,23651.41,0.00,10719.44,-0.06,0.86,-10.22,-1.73,-3.85,-0.97,0.31,1.44,-10.39,-27.598042,-48.513371,12,67.73
-41.72,23626.96,0.00,10726.05,0.27,0.32,-9.75,-0.73,-2.36,0.78,-0.86,0.69,-10.55,-27.598037,-48.513355,11,67.83
-41.76,23602.90,0.00,10732.56,-0.04,0.59,-9.10,1.49,-5.18,0.56,-2.83,2.13,-9.42,-27.598033,-48.513340,9,67.94
-41.80,23579.22,0.00,10738.98,1.18,-0.68,-9.74,-2.81,-6.34,0.87,-0.67,1.66,-12.09,-27.598028,-48.513325,9,68.05
-41.84,23555.92,0.00,10745.30,0.57,-0.43,-10.44,-0.07,-4.26,-0.02,-0.58,0.75,-11.95,-27.598024,-48.513310,8,68.16
-41.88,23533.00,0.00,10751.52,0.28,-0.20,-10.59,-1.00,-3.18,-1.95,0.80,0.54,-10.48,-27.598019,-48.513295,11,68.28
-41.92,23510.45,0.00,10757.64,0.98,-0.01,-10.28,-0.19,-1.51,-0.57,2.22,-0.58,-10.22,-27.598015,-48.513279,12,68.38
-41.96,23488.29,0.00,10763.66,0.09,0.22,-10.42,1.20,-2.44,0.99,2.04,-1.65,-9.67,-27.598010,-48.513264,10,68.49
-42.00,23466.51,0.00,10769.59,0.54,-0.71,-10.05,-0.56,-3.74,-0.54,2.79,-2.37,-7.04,-27.598006,-48.513249,11,68.60
-42.04,23445.10,0.00,10775.42,0.14,-0.14,-10.78,-0.40,-6.01,-0.55,0.16,-1.14,-9.00,-27.598001,-48.513234,9,68.71
-42.08,23424.06,0.00,10781.15,-0.81,-0.41,-9.42,1.64,-5.06,-0.07,-1.50,-0.30,-7.98,-27.597997,-48.513219,9,68.82
-42.11,23403.41,0.00,10786.78,0.49,0.29,-10.17,-1.12,-3.95,-0.78,0.74,1.08,-10.87,-27.597992,-48.513203,10,68.92
-42.15,23383.12,0.00,10792.31,-0.01,0.34,-10.58,-1.35,-3.14,-0.13,-3.17,2.49,-11.65,-27.597988,-48.513188,11,69.04
-42.19,23363.21,0.00,10797.75,-0.42,1.16,-9.77,-1.16,-4.42,-1.66,-3.03,3.38,-12.83,-27.597983,-48.513173,12,69.15
-42.22,23343.67,0.00,10803.09,0.52,0.35,-9.91,-0.36,-3.18,-0.30,-0.86,1.36,-12.04,-27.597979,-48.513158,8,69.26
-42.25,23324.51,0.00,10808.32,-0.74,0.38,-10.29,1.75,-5.67,0.79,-0.64,0.55,-11.79,-27.597974,-48.513143,10,69.38
-42.29,23305.71,0.00,10813.47,0.19,-0.35,-10.82,0.54,-3.34,-0.64,0.32,-1.55,-11.69,-27.597970,-48.513127,12,69.48
-42.32,23287.29,0.00,10818.51,-0.52,-0.09,-9.71,0.59,-4.52,-0.20,1.11,-2.87,-9.73,-27.597965,-48.513112,8,69.60
-42.35,23269.24,0.00,10823.45,0.34,0.38,-10.28,-0.79,-5.98,0.41,2.41,-0.54,-8.45,-27.597961,-48.513097,10,69.71
-42.38,23251.55,0.00,10828.30,0.47,-0.75,-9.32,-1.04,-3.24,-0.14,2.65,-0.20,-7.98,-27.597956,-48.513082,11,69.81
-42.41,23234.24,0.00,10833.05,0.18,0.18,-10.10,0.62,-4.44,-1.12,0.83,0.79,-8.11,-27.597952,-48.513067,10,69.93
-42.45,23217.29,0.00,10837.70,0.36,0.32,-10.66,-1.28,-3.40,-0.01,0.10,1.48,-9.41,-27.597947,-48.513051,9,70.04
-42.47,23200.71,0.00,10842.25,-0.63,-0.04,-9.32,0.27,-4.51,0.71,-2.38,2.29,-8.44,-27.597943,-48.513036,11,70.15
-42.50,23184.49,0.00,10846.71,0.11,-0.57,-10.15,-1.05,-5.39,-1.16,-1.75,1.26,-10.28,-27.597938,-48.513021,12,70.28
-42.53,23168.64,0.00,10851.06,-0.21,0.99,-9.47,-0.56,-3.20,0.22,-2.11,1.73,-10.37,-27.597934,-48.513006,10,70.39
-42.56,23153.16,0.00,10855.32,1.07,0.51,-9.56,2.04,-2.39,-1.29,-0.60,0.16,-10.96,-27.597929,-48.512991,9,70.49
-42.59,23138.04,0.00,10859.48,-0.74,0.40,-9.56,0.49,-4.35,1.16,-0.16,-1.85,-10.45,-27.597925,-48.512975,10,70.76
