Temperatura (°C),Pressão (Pa),Altitude (m),ax (m/s^2),ay (m/s^2),az (m/s^2),gx (°/s),gy (°/s),gz (°/s),Latitude,Longitude,Reefing Ejetado?
28.74,95335.55,511.04,0.00,0.00,0.00,0.00,0.00,0.00,0.00,0.00,Não,
28.76,95335.61,511.02,0.00,0.00,0.00,0.00,0.00,0.00,0.00,0.00,Não,
26.77,95020.05,511.04,0.00,0.00,0.00,0.00,0.00,0.00,0.00,0.00,Não,
25.05,94744.57,538.67,0.00,0.00,0.00,0.00,0.00,0.00,0.00,0.00,Não,
23.55,94502.00,584.21,0.00,0.00,0.00,0.00,0.00,0.00,0.00,0.00,Não,
21.08,94100.09,602.97,0.00,0.00,0.00,0.00,0.00,0.00,0.00,0.00,Não,
20.13,93944.51,619.67,0.00,0.00,0.00,0.00,0.00,0.00,0.00,0.00,Não,
20.46,93987.30,633.44,0.00,0.00,0.00,0.00,0.00,0.00,0.00,0.00,Não,
21.53,94150.10,615.25,0.00,0.00,0.00,0.00,0.00,0.00,0.00,0.00,Não,
26.73,94960.89,602.65,0.00,0.00,0.00,0.00,0.00,0.00,0.00,0.00,Sim,
27.26,95046.33,536.37,0.00,0.00,0.00,0.00,0.00,0.00,0.00,0.00,Sim,
27.47,95081.77,536.37,0.00,0.00,0.00,0.00,0.00,0.00,0.00,0.00,Sim,
26.61,94946.50,533.26,0.00,0.00,0.00,0.00,0.00,0.00,0.00,0.00,Sim,
25.86,94828.27,545.13,0.00,0.00,0.00,0.00,0.00,0.00,0.00,0.00,Sim,
25.22,94725.02,555.51,0.00,0.00,0.00,0.00,0.00,0.00,0.00,0.00,Sim,
25.71,94798.81,564.58,0.00,0.00,0.00,0.00,0.00,0.00,0.00,0.00,Sim,
26.13,94863.88,558.09,0.00,0.00,0.00,0.00,0.00,0.00,0.00,0.00,Sim,
26.50,94920.88,552.38,0.00,0.00,0.00,0.00,0.00,0.00,0.00,0.00,Sim,
26.82,94970.89,547.37,0.00,0.00,0.00,0.00,0.00,0.00,0.00,0.00,Sim,
26.03,94847.47,542.99,0.00,0.00,0.00,0.00,0.00,0.00,0.00,0.00,Sim,
25.35,94740.52,553.82,0.00,0.00,0.00,0.00,0.00,0.00,0.00,0.00,Sim,
24.77,94647.54,563.22,0.00,0.00,0.00,0.00,0.00,0.00,0.00,0.00,Sim,
25.33,94731.00,571.40,0.00,0.00,0.00,0.00,0.00,0.00,0.00,0.00,Sim,
25.80,94804.25,564.05,0.00,0.00,0.00,0.00,0.00,0.00,0.00,0.00,Sim,
26.21,94868.44,557.62,0.00,0.00,0.00,0.00,0.00,0.00,0.00,0.00,Sim,
26.57,94924.86,551.98,0.00,0.00,0.00,0.00,0.00,0.00,0.00,0.00,Sim,
25.81,94807.39,547.03,0.00,0.00,0.00,0.00,0.00,0.00,0.00,0.00,Sim,
25.17,94705.47,557.34,0.00,0.00,0.00,0.00,0.00,0.00,0.00,0.00,Sim,
24.61,94616.48,566.30,0.00,0.00,0.00,0.00,0.00,0.00,0.00,0.00,Sim,
25.04,94680.08,574.13,0.00,0.00,0.00,0.00,0.00,0.00,0.00,0.00,Sim,
25.55,94759.72,568.53,0.00,0.00,0.00,0.00,0.00,0.00,0.00,0.00,Sim,
25.99,94829.47,561.53,0.00,0.00,0.00,0.00,0.00,0.00,0.00,0.00,Sim,
26.37,94890.63,555.40,0.00,0.00,0.00,0.00,0.00,0.00,0.00,0.00,Sim,
25.65,94777.84,550.03,0.00,0.00,0.00,0.00,0.00,0.00,0.00,0.00,Sim,
25.02,94679.11,559.94,0.00,0.00,0.00,0.00,0.00,0.00,0.00,0.00,Sim,
24.49,94593.91,568.62,0.00,0.00,0.00,0.00,0.00,0.00,0.00,0.00,Sim,
24.56,94602.90,576.11,0.00,0.00,0.00,0.00,0.00,0.00,0.00,0.00,Sim,
25.14,94691.45,575.32,0.00,0.00,0.00,0.00,0.00,0.00,0.00,0.00,Sim,
25.63,94769.42,567.53,0.00,0.00,0.00,0.00,0.00,0.00,0.00,0.00,Sim,
26.06,94837.47,557.60,0.00,0.00,0.00,0.00,0.00,0.00,0.00,0.00,Sim,
25.40,94735.83,559.57,0.00,0.00,0.00,0.00,0.00,0.00,0.00,0.00,Sim,
24.86,94650.92,567.89,0.00,0.00,0.00,0.00,0.00,0.00,0.00,0.00,Sim,
24.47,94589.27,574.86,0.00,0.00,0.00,0.00,0.00,0.00,0.00,0.00,Sim,
24.55,94599.59,579.91,0.00,0.00,0.00,0.00,0.00,0.00,0.00,0.00,Sim,
25.13,94688.31,571.57,0.00,0.00,0.00,0.00,0.00,0.00,0.00,0.00,Sim,
25.63,94766.91,564.24,0.00,0.00,0.00,0.00,0.00,0.00,0.00,0.00,Sim,
26.25,94867.17,557.78,0.00,0.00,0.00,0.00,0.00,0.00,0.00,0.00,Sim,
25.61,94766.70,552.09,0.00,0.00,0.00,0.00,0.00,0.00,0.00,0.00,Sim,
25.09,94685.19,560.92,0.00,0.00,0.00,0.00,0.00,0.00,0.00,0.00,Sim,
24.63,94654.48,568.08,0.00,0.00,0.00,0.00,0.00,0.00,0.00,0.00,Sim,
25.21,94655.72,574.55,0.00,0.00,0.00,0.00,0.00,0.00,0.00,0.00,Sim,
25.70,94775.98,566.85,0.00,0.00,0.00,0.00,0.00,0.00,0.00,0.00,Sim,
26.12,94842.91,560.10,0.00,0.00,0.00,0.00,0.00,0.00,0.00,0.00,Sim,
26.50,94902.76,554.22,0.00,0.00,0.00,0.00,0.00,0.00,0.00,0.00,Sim,
25.75,94786.88,548.96,0.00,0.00,0.00,0.00,0.00,0.00,0.00,0.00,Sim,
25.11,94686.31,559.14,0.00,0.00,0.00,0.00,0.00,0.00,0.00,0.00,Sim,
24.56,94599.08,567.98,0.00,0.00,0.00,0.00,0.00,0.00,0.00,0.00,Sim,
25.15,94688.04,575.66,0.00,0.00,0.00,0.00,0.00,0.00,0.00,0.00,Sim,
25.65,94766.55,567.83,0.00,0.00,0.00,0.00,0.00,0.00,0.00,0.00,Sim,
26.08,94835.02,560.93,0.00,0.00,0.00,0.00,0.00,0.00,0.00,0.00,Sim,
26.46,94895.31,554.91,0.00,0.00,0.00,0.00,0.00,0.00,0.00,0.00,Sim,
25.72,94780.61,549.62,0.00,0.00,0.00,0.00,0.00,0.00,0.00,0.00,Sim,
25.08,94681.25,559.69,0.00,0.00,0.00,0.00,0.00,0.00,0.00,0.00,Sim,
24.54,94594.45,568.43,0.00,0.00,0.00,0.00,0.00,0.00,0.00,0.00,Sim,
25.13,94684.15,576.07,0.00,0.00,0.00,0.00,0.00,0.00,0.00,0.00,Sim,
25.63,94762.75,568.17,0.00,0.00,0.00,0.00,0.00,0.00,0.00,0.00,Sim,
26.07,94831.88,561.26,0.00,0.00,0.00,0.00,0.00,0.00,0.00,0.00,Sim,
26.45,94892.97,555.19,0.00,0.00,0.00,0.00,0.00,0.00,0.00,0.00,Sim,
25.71,94778.45,549.82,0.00,0.00,0.00,0.00,0.00,0.00,0.00,0.00,Sim,
25.08,94679.66,559.88,0.00,0.00,0.00,0.00,0.00,0.00,0.00,0.00,Sim,
24.54,94593.61,568.57,0.00,0.00,0.00,0.00,0.00,0.00,0.00,0.00,Sim,
24.62,94603.16,576.14,0.00,0.00,0.00,0.00,0.00,0.00,0.00,0.00,Sim,
25.19,94691.80,575.30,0.00,0.00,0.00,0.00,0.00,0.00,0.00,0.00,Sim,
25.68,94769.56,567.50,0.00,0.00,0.00,0.00,0.00,0.00,0.00,0.00,Sim,
26.11,94837.57,557.55,0.00,0.00,0.00,0.00,0.00,0.00,0.00,0.00,Sim,
25.46,94737.34,559.34,0.00,0.00,0.00,0.00,0.00,0.00,0.00,0.00,Sim,
24.93,94654.47,567.49,0.00,0.00,0.00,0.00,0.00,0.00,0.00,0.00,Sim,
24.48,94582.66,574.24,0.00,0.00,0.00,0.00,0.00,0.00,0.00,0.00,Sim,
24.58,94597.36,580.17,0.00,0.00,0.00,0.00,0.00,0.00,0.00,0.00,Sim,
25.16,94686.39,571.78,0.00,0.00,0.00,0.00,0.00,0.00,0.00,0.00,Sim,
25.87,94765.24,564.41,0.00,0.00,0.00,0.00,0.00,0.00,0.00,0.00,Sim,
26.28,94865.73,557.96,0.00,0.00,0.00,0.00,0.00,0.00,0.00,0.00,Sim,
25.72,94778.73,552.22,0.00,0.00,0.00,0.00,0.00,0.00,0.00,0.00,Sim,
25.16,94691.30,559.86,0.00,0.00,0.00,0.00,0.00,0.00,0.00,0.00,Sim,
24.61,94604.23,567.55,0.00,0.00,0.00,0.00,0.00,0.00,0.00,0.00,Sim,
25.19,94692.88,575.21,0.00,0.00,0.00,0.00,0.00,0.00,0.00,0.00,Sim,
25.69,94770.77,567.41,0.00,0.00,0.00,0.00,0.00,0.00,0.00,0.00,Sim,
26.12,94839.03,560.56,0.00,0.00,0.00,0.00,0.00,0.00,0.00,0.00,Sim,
26.49,94899.10,554.56,0.00,0.00,0.00,0.00,0.00,0.00,0.00,0.00,Sim,
25.76,94786.17,549.29,0.00,0.00,0.00,0.00,0.00,0.00,0.00,0.00,Sim,
25.14,94688.27,559.21,0.00,0.00,0.00,0.00,0.00,0.00,0.00,0.00,Sim,
24.61,94603.21,567.81,0.00,0.00,0.00,0.00,0.00,0.00,0.00,0.00,Sim,
25.19,94691.56,575.30,0.00,0.00,0.00,0.00,0.00,0.00,0.00,0.00,Sim,
25.69,94769.51,567.52,0.00,0.00,0.00,0.00,0.00,0.00,0.00,0.00,Sim,
26.12,94838.23,560.67,0.00,0.00,0.00,0.00,0.00,0.00,0.00,0.00,Sim,
26.50,94898.53,554.63,0.00,0.00,0.00,0.00,0.00,0.00,0.00,0.00,Sim,
25.84,94796.56,549.34,0.00,0.00,0.00,0.00,0.00,0.00,0.00,0.00,Sim,
25.28,94708.29,558.29,0.00,0.00,0.00,0.00,0.00,0.00,0.00,0.00,Sim,
24.79,94630.48,566.05,0.00,0.00,0.00,0.00,0.00,0.00,0.00,0.00,Sim,
25.03,94664.98,572.90,0.00,0.00,0.00,0.00,0.00,0.00,0.00,0.00,Sim,
25.55,94746.14,569.86,0.00,0.00,0.00,0.00,0.00,0.00,0.00,0.00,Sim,
26.00,94817.52,562.72,0.00,0.00,0.00,0.00,0.00,0.00,0.00,0.00,Sim,
26.39,94879.64,553.66,0.00,0.00,0.00,0.00,0.00,0.00,0.00,0.00,Sim,
25.77,94785.27,555.99,0.00,0.00,0.00,0.00,0.00,0.00,0.00,0.00,Sim,
25.26,94703.83,563.65,0.00,0.00,0.00,0.00,0.00,0.00,0.00,0.00,Sim,
24.78,94629.17,570.31,0.00,0.00,0.00,0.00,0.00,0.00,0.00,0.00,Sim,
24.84,94634.98,576.60,0.00,0.00,0.00,0.00,0.00,0.00,0.00,0.00,Sim,
25.38,94719.69,568.66,0.00,0.00,0.00,0.00,0.00,0.00,0.00,0.00,Sim,
25.86,94794.27,561.67,0.00,0.00,0.00,0.00,0.00,0.00,0.00,0.00,Sim,
26.45,94890.23,555.51,0.00,0.00,0.00,0.00,0.00,0.00,0.00,0.00,Sim,
25.82,94792.45,550.06,0.00,0.00,0.00,0.00,0.00,0.00,0.00,0.00,Sim,
25.29,94709.01,558.65,0.00,0.00,0.00,0.00,0.00,0.00,0.00,0.00,Sim,
24.84,94635.67,565.99,0.00,0.00,0.00,0.00,0.00,0.00,0.00,0.00,Sim,
25.39,94720.38,572.44,0.00,0.00,0.00,0.00,0.00,0.00,0.00,0.00,Sim,
25.87,94795.06,564.99,0.00,0.00,0.00,0.00,0.00,0.00,0.00,0.00,Sim,
26.28,94860.53,558.42,0.00,0.00,0.00,0.00,0.00,0.00,0.00,0.00,Sim,
26.64,94918.55,552.67,0.00,0.00,0.00,0.00,0.00,0.00,0.00,0.00,Sim,
25.89,94802.70,547.58,0.00,0.00,0.00,0.00,0.00,0.00,0.00,0.00,Sim,
25.31,94711.22,557.75,0.00,0.00,0.00,0.00,0.00,0.00,0.00,0.00,Sim,
24.81,94630.59,565.79,0.00,0.00,0.00,0.00,0.00,0.00,0.00,0.00,Sim,
25.36,94715.60,572.89,0.00,0.00,0.00,0.00,0.00,0.00,0.00,0.00,Sim,
25.85,94790.91,565.41,0.00,0.00,0.00,0.00,0.00,0.00,0.00,0.00,Sim,
26.26,94856.55,558.79,0.00,0.00,0.00,0.00,0.00,0.00,0.00,0.00,Sim,
26.62,94914.45,553.02,0.00,0.00,0.00,0.00,0.00,0.00,0.00,0.00,Sim,
25.91,94805.24,547.94,0.00,0.00,0.00,0.00,0.00,0.00,0.00,0.00,Sim,
25.28,94706.21,557.53,0.00,0.00,0.00,0.00,0.00,0.00,0.00,0.00,Sim,
24.76,94622.98,566.23,0.00,0.00,0.00,0.00,0.00,0.00,0.00,0.00,Sim,
25.33,94709.11,573.56,0.00,0.00,0.00,0.00,0.00,0.00,0.00,0.00,Sim,
25.81,94785.20,565.98,0.00,0.00,0.00,0.00,0.00,0.00,0.00,0.00,Sim,
26.24,94852.09,559.29,0.00,0.00,0.00,0.00,0.00,0.00,0.00,0.00,Sim,
26.60,94910.22,553.41,0.00,0.00,0.00,0.00,0.00,0.00,0.00,0.00,Sim,
26.01,94818.72,548.31,0.00,0.00,0.00,0.00,0.00,0.00,0.00,0.00,Sim,
25.49,94737.95,556.30,0.00,0.00,0.00,0.00,0.00,0.00,0.00,0.00,Sim,
24.99,94658.89,563.44,0.00,0.00,0.00,0.00,0.00,0.00,0.00,0.00,Sim,
25.06,94666.56,570.40,0.00,0.00,0.00,0.00,0.00,0.00,0.00,0.00,Sim,
25.58,94747.78,569.72,0.00,0.00,0.00,0.00,0.00,0.00,0.00,0.00,Sim,
26.03,94818.59,559.37,0.00,0.00,0.00,0.00,0.00,0.00,0.00,0.00,Sim,
26.42,94880.94,553.55,0.00,0.00,0.00,0.00,0.00,0.00,0.00,0.00,Sim,
25.98,94860.13,548.65,0.00,0.00,0.00,0.00,0.00,0.00,0.00,0.00,Sim,
25.45,94731.47,556.74,0.00,0.00,0.00,0.00,0.00,0.00,0.00,0.00,Sim,
25.07,94669.02,564.01,0.00,0.00,0.00,0.00,0.00,0.00,0.00,0.00,Sim,
25.59,94749.07,569.51,0.00,0.00,0.00,0.00,0.00,0.00,0.00,0.00,Sim,
26.05,94820.14,562.47,0.00,0.00,0.00,0.00,0.00,0.00,0.00,0.00,Sim,
26.44,94882.14,556.22,0.00,0.00,0.00,0.00,0.00,0.00,0.00,0.00,Sim,
26.78,94937.02,550.78,0.00,0.00,0.00,0.00,0.00,0.00,0.00,0.00,Sim,
26.15,94840.16,545.96,0.00,0.00,0.00,0.00,0.00,0.00,0.00,0.00,Sim,
25.62,94756.36,554.46,0.00,0.00,0.00,0.00,0.00,0.00,0.00,0.00,Sim,
25.17,94684.03,561.83,0.00,0.00,0.00,0.00,0.00,0.00,0.00,0.00,Sim,
25.68,94762.43,568.19,0.00,0.00,0.00,0.00,0.00,0.00,0.00,0.00,Sim,
26.13,94831.90,561.29,0.00,0.00,0.00,0.00,0.00,0.00,0.00,0.00,Sim,
26.51,94893.08,555.19,0.00,0.00,0.00,0.00,0.00,0.00,0.00,0.00,Sim,
26.85,94946.53,549.81,0.00,0.00,0.00,0.00,0.00,0.00,0.00,0.00,Sim,
26.19,94845.68,545.12,0.00,0.00,0.00,0.00,0.00,0.00,0.00,0.00,Sim,
25.62,94755.90,553.98,0.00,0.00,0.00,0.00,0.00,0.00,0.00,0.00,Sim,
25.13,94678.66,561.87,0.00,0.00,0.00,0.00,0.00,0.00,0.00,0.00,Sim,
25.19,94685.78,568.66,0.00,0.00,0.00,0.00,0.00,0.00,0.00,0.00,Sim,
25.70,94764.52,568.03,0.00,0.00,0.00,0.00,0.00,0.00,0.00,0.00,Sim,
26.14,94833.78,561.11,0.00,0.00,0.00,0.00,0.00,0.00,0.00,0.00,Sim,
26.52,94894.52,552.29,0.00,0.00,0.00,0.00,0.00,0.00,0.00,0.00,Sim,
25.87,94794.49,554.49,0.00,0.00,0.00,0.00,0.00,0.00,0.00,0.00,Sim,
25.33,94711.11,562.50,0.00,0.00,0.00,0.00,0.00,0.00,0.00,0.00,Sim,
24.88,94639.86,569.17,0.00,0.00,0.00,0.00,0.00,0.00,0.00,0.00,Sim,
24.97,94651.50,575.05,0.00,0.00,0.00,0.00,0.00,0.00,0.00,0.00,Sim,
25.50,94734.52,567.28,0.00,0.00,0.00,0.00,0.00,0.00,0.00,0.00,Sim,
26.17,94839.88,560.47,0.00,0.00,0.00,0.00,0.00,0.00,0.00,0.00,Sim,
26.54,94900.32,554.49,0.00,0.00,0.00,0.00,0.00,0.00,0.00,0.00,Sim,
25.91,94803.19,549.18,0.00,0.00,0.00,0.00,0.00,0.00,0.00,0.00,Sim,
25.36,94716.28,557.71,0.00,0.00,0.00,0.00,0.00,0.00,0.00,0.00,Sim,
24.90,94642.75,565.35,0.00,0.00,0.00,0.00,0.00,0.00,0.00,0.00,Sim,
25.45,94727.08,571.82,0.00,0.00,0.00,0.00,0.00,0.00,0.00,0.00,Sim,
25.92,94800.97,564.40,0.00,0.00,0.00,0.00,0.00,0.00,0.00,0.00,Sim,
26.33,94865.98,557.90,0.00,0.00,0.00,0.00,0.00,0.00,0.00,0.00,Sim,
26.69,94922.91,552.19,0.00,0.00,0.00,0.00,0.00,0.00,0.00,0.00,Sim,
26.02,94820.50,547.20,0.00,0.00,0.00,0.00,0.00,0.00,0.00,0.00,Sim,
25.46,94731.59,556.19,0.00,0.00,0.00,0.00,0.00,0.00,0.00,0.00,Sim,
24.98,94655.38,564.00,0.00,0.00,0.00,0.00,0.00,0.00,0.00,0.00,Sim,
25.52,94737.26,570.71,0.00,0.00,0.00,0.00,0.00,0.00,0.00,0.00,Sim,
25.98,94809.61,563.50,0.00,0.00,0.00,0.00,0.00,0.00,0.00,0.00,Sim,
26.39,94873.30,557.15,0.00,0.00,0.00,0.00,0.00,0.00,0.00,0.00,Sim,
26.74,94928.83,551.55,0.00,0.00,0.00,0.00,0.00,0.00,0.00,0.00,Sim,
26.07,94826.45,546.68,0.00,0.00,0.00,0.00,0.00,0.00,0.00,0.00,Sim,
25.51,94737.14,555.67,0.00,0.00,0.00,0.00,0.00,0.00,0.00,0.00,Sim,
25.02,94659.96,563.51,0.00,0.00,0.00,0.00,0.00,0.00,0.00,0.00,Sim,
25.09,94668.66,570.30,0.00,0.00,0.00,0.00,0.00,0.00,0.00,0.00,Sim,
25.61,94749.45,569.54,0.00,0.00,0.00,0.00,0.00,0.00,0.00,0.00,Sim,
26.06,94819.83,559.24,0.00,0.00,0.00,0.00,0.00,0.00,0.00,0.00,Sim,
26.45,94882.01,553.42,0.00,0.00,0.00,0.00,0.00,0.00,0.00,0.00,Sim,
26.10,94828.78,551.40,0.00,0.00,0.00,0.00,0.00,0.00,0.00,0.00,Sim,
25.55,94743.78,559.48,0.00,0.00,0.00,0.00,0.00,0.00,0.00,0.00,Sim,
25.10,94672.31,566.38,0.00,0.00,0.00,0.00,0.00,0.00,0.00,0.00,Sim,
25.43,94680.22,572.32,0.00,0.00,0.00,0.00,0.00,0.00,0.00,0.00,Sim,
25.91,94795.20,564.93,0.00,0.00,0.00,0.00,0.00,0.00,0.00,0.00,Sim,
26.32,94860.06,558.41,0.00,0.00,0.00,0.00,0.00,0.00,0.00,0.00,Sim,
26.68,94917.50,552.71,0.00,0.00,0.00,0.00,0.00,0.00,0.00,0.00,Sim,
26.02,94816.39,547.67,0.00,0.00,0.00,0.00,0.00,0.00,0.00,0.00,Sim,
25.47,94729.34,556.55,0.00,0.00,0.00,0.00,0.00,0.00,0.00,0.00,Sim,
25.00,94653.94,564.20,0.00,0.00,0.00,0.00,0.00,0.00,0.00,0.00,Sim,
25.54,94736.16,570.83,0.00,0.00,0.00,0.00,0.00,0.00,0.00,0.00,Sim,
26.00,94808.67,563.60,0.00,0.00,0.00,0.00,0.00,0.00,0.00,0.00,Sim,
26.40,94872.28,557.23,0.00,0.00,0.00,0.00,0.00,0.00,0.00,0.00,Sim,
26.75,94928.01,551.64,0.00,0.00,0.00,0.00,0.00,0.00,0.00,0.00,Sim,
26.10,94826.83,546.75,0.00,0.00,0.00,0.00,0.00,0.00,0.00,0.00,Sim,
25.54,94739.69,555.63,0.00,0.00,0.00,0.00,0.00,0.00,0.00,0.00,Sim,
25.08,94665.92,563.29,0.00,0.00,0.00,0.00,0.00,0.00,0.00,0.00,Sim,
29.43,95287.42,515.22,0.00,0.00,0.00,0.00,0.00,0.00,0.00,0.00,Não,
29.45,95287.67,515.22,0.00,0.00,0.00,0.00,0.00,0.00,0.00,0.00,Não,
28.84,95189.15,515.23,0.00,0.00,0.00,0.00,0.00,0.00,0.00,0.00,Não,
28.33,95104.42,523.85,0.00,0.00,0.00,0.00,0.00,0.00,0.00,0.00,Não,
27.89,95030.91,537.72,0.00,0.00,0.00,0.00,0.00,0.00,0.00,0.00,Não,
27.17,94909.55,543.39,0.00,0.00,0.00,0.00,0.00,0.00,0.00,0.00,Não,
26.88,94859.80,548.37,0.00,0.00,0.00,0.00,0.00,0.00,0.00,0.00,Não,
26.94,94865.18,552.74,0.00,0.00,0.00,0.00,0.00,0.00,0.00,0.00,Não,
27.29,94916.25,552.26,0.00,0.00,0.00,0.00,0.00,0.00,0.00,0.00,Não,
27.23,94904.69,543.80,0.00,0.00,0.00,0.00,0.00,0.00,0.00,0.00,Não,
26.92,94853.86,548.80,0.00,0.00,0.00,0.00,0.00,0.00,0.00,0.00,Não,
26.65,94809.08,553.26,0.00,0.00,0.00,0.00,0.00,0.00,0.00,0.00,Não,
26.74,94820.03,556.23,0.00,0.00,0.00,0.00,0.00,0.00,0.00,0.00,Não,
27.43,94926.75,551.21,0.00,0.00,0.00,0.00,0.00,0.00,0.00,0.00,Não,
27.71,94970.55,546.86,0.00,0.00,0.00,0.00,0.00,0.00,0.00,0.00,Não,
27.96,95008.93,543.02,0.00,0.00,0.00,0.00,0.00,0.00,0.00,0.00,Não,
27.23,94892.05,545.16,0.00,0.00,0.00,0.00,0.00,0.00,0.00,0.00,Não,
26.93,94843.75,549.91,0.00,0.00,0.00,0.00,0.00,0.00,0.00,0.00,Não,
27.28,94897.14,554.15,0.00,0.00,0.00,0.00,0.00,0.00,0.00,0.00,Não,
27.59,94943.95,549.46,0.00,0.00,0.00,0.00,0.00,0.00,0.00,0.00,Não,
28.09,95022.18,541.70,0.00,0.00,0.00,0.00,0.00,0.00,0.00,0.00,Não,
28.29,95054.86,538.49,0.00,0.00,0.00,0.00,0.00,0.00,0.00,0.00,Não,
29.20,95201.63,535.62,0.00,0.00,0.00,0.00,0.00,0.00,0.00,0.00,Sim,
29.23,95207.20,522.27,0.00,0.00,0.00,0.00,0.00,0.00,0.00,0.00,Sim,
29.29,95217.34,522.27,0.00,0.00,0.00,0.00,0.00,0.00,0.00,0.00,Sim,
28.74,95130.88,521.38,0.00,0.00,0.00,0.00,0.00,0.00,0.00,0.00,Sim,
28.27,95056.13,528.96,0.00,0.00,0.00,0.00,0.00,0.00,0.00,0.00,Sim,
27.86,94990.81,535.51,0.00,0.00,0.00,0.00,0.00,0.00,0.00,0.00,Sim,
28.10,95026.81,541.24,0.00,0.00,0.00,0.00,0.00,0.00,0.00,0.00,Sim,
28.31,95058.84,538.08,0.00,0.00,0.00,0.00,0.00,0.00,0.00,0.00,Sim,
28.49,95086.92,535.27,0.00,0.00,0.00,0.00,0.00,0.00,0.00,0.00,Sim,
28.65,95111.89,532.81,0.00,0.00,0.00,0.00,0.00,0.00,0.00,0.00,Sim,
28.17,95038.18,530.62,0.00,0.00,0.00,0.00,0.00,0.00,0.00,0.00,Sim,
27.78,94974.73,537.08,0.00,0.00,0.00,0.00,0.00,0.00,0.00,0.00,Sim,
27.43,94919.14,542.65,0.00,0.00,0.00,0.00,0.00,0.00,0.00,0.00,Sim,
27.44,94918.63,547.53,0.00,0.00,0.00,0.00,0.00,0.00,0.00,0.00,Sim,
27.73,94963.55,547.57,0.00,0.00,0.00,0.00,0.00,0.00,0.00,0.00,Sim,
27.98,95002.89,543.63,0.00,0.00,0.00,0.00,0.00,0.00,0.00,0.00,Sim,
28.20,95037.75,540.18,0.00,0.00,0.00,0.00,0.00,0.00,0.00,0.00,Sim,
27.86,94985.20,540.12,0.00,0.00,0.00,0.00,0.00,0.00,0.00,0.00,Sim,
27.53,94932.45,544.33,0.00,0.00,0.00,0.00,0.00,0.00,0.00,0.00,Sim,
27.22,94881.84,548.63,0.00,0.00,0.00,0.00,0.00,0.00,0.00,0.00,Sim,
27.25,94886.13,550.86,0.00,0.00,0.00,0.00,0.00,0.00,0.00,0.00,Sim,
27.57,94934.98,548.21,0.00,0.00,0.00,0.00,0.00,0.00,0.00,0.00,Sim,
27.84,94977.97,544.15,0.00,0.00,0.00,0.00,0.00,0.00,0.00,0.00,Sim,
28.08,95015.80,540.65,0.00,0.00,0.00,0.00,0.00,0.00,0.00,0.00,Sim,
28.38,95064.51,537.57,0.00,0.00,0.00,0.00,0.00,0.00,0.00,0.00,Sim,
28.00,95004.98,534.77,0.00,0.00,0.00,0.00,0.00,0.00,0.00,0.00,Sim,
27.67,94952.44,540.00,0.00,0.00,0.00,0.00,0.00,0.00,0.00,0.00,Sim,
27.37,94905.64,544.60,0.00,0.00,0.00,0.00,0.00,0.00,0.00,0.00,Sim,
27.68,94951.81,548.71,0.00,0.00,0.00,0.00,0.00,0.00,0.00,0.00,Sim,
27.94,94993.02,544.66,0.00,0.00,0.00,0.00,0.00,0.00,0.00,0.00,Sim,
28.16,95028.47,541.04,0.00,0.00,0.00,0.00,0.00,0.00,0.00,0.00,Sim,
28.36,95059.88,537.94,0.00,0.00,0.00,0.00,0.00,0.00,0.00,0.00,Sim,
27.94,94993.88,535.18,0.00,0.00,0.00,0.00,0.00,0.00,0.00,0.00,Sim,
27.57,94935.88,540.97,0.00,0.00,0.00,0.00,0.00,0.00,0.00,0.00,Sim,
27.26,94884.88,546.06,0.00,0.00,0.00,0.00,0.00,0.00,0.00,0.00,Sim,
27.58,94933.70,550.54,0.00,0.00,0.00,0.00,0.00,0.00,0.00,0.00,Sim,
27.85,94976.73,546.25,0.00,0.00,0.00,0.00,0.00,0.00,0.00,0.00,Sim,
28.09,95014.22,542.47,0.00,0.00,0.00,0.00,0.00,0.00,0.00,0.00,Sim,
28.30,95047.79,539.18,0.00,0.00,0.00,0.00,0.00,0.00,0.00,0.00,Sim,
27.88,94983.11,536.24,0.00,0.00,0.00,0.00,0.00,0.00,0.00,0.00,Sim,
27.53,94927.06,541.91,0.00,0.00,0.00,0.00,0.00,0.00,0.00,0.00,Sim,
27.22,94878.05,546.83,0.00,0.00,0.00,0.00,0.00,0.00,0.00,0.00,Sim,
27.30,94888.34,551.13,0.00,0.00,0.00,0.00,0.00,0.00,0.00,0.00,Sim,
27.61,94937.16,550.23,0.00,0.00,0.00,0.00,0.00,0.00,0.00,0.00,Sim,
27.88,94979.51,545.95,0.00,0.00,0.00,0.00,0.00,0.00,0.00,0.00,Sim,
28.11,95017.11,542.23,0.00,0.00,0.00,0.00,0.00,0.00,0.00,0.00,Sim,
27.72,94955.84,538.87,0.00,0.00,0.00,0.00,0.00,0.00,0.00,0.00,Sim,
27.38,94902.84,546.73,0.00,0.00,0.00,0.00,0.00,0.00,0.00,0.00,Sim,
27.09,94856.98,548.96,0.00,0.00,0.00,0.00,0.00,0.00,0.00,0.00,Sim,
27.15,94864.28,552.98,0.00,0.00,0.00,0.00,0.00,0.00,0.00,0.00,Sim,
27.48,94915.97,550.02,0.00,0.00,0.00,0.00,0.00,0.00,0.00,0.00,Sim,
27.77,94961.11,545.77,0.00,0.00,0.00,0.00,0.00,0.00,0.00,0.00,Sim,
28.00,94999.83,542.06,0.00,0.00,0.00,0.00,0.00,0.00,0.00,0.00,Sim,
27.66,94946.72,540.45,0.00,0.00,0.00,0.00,0.00,0.00,0.00,0.00,Sim,
27.39,94928.47,545.11,0.00,0.00,0.00,0.00,0.00,0.00,0.00,0.00,Sim,
27.12,94858.73,548.94,0.00,0.00,0.00,0.00,0.00,0.00,0.00,0.00,Sim,
27.45,94910.16,552.83,0.00,0.00,0.00,0.00,0.00,0.00,0.00,0.00,Sim,
27.75,94955.64,548.32,0.00,0.00,0.00,0.00,0.00,0.00,0.00,0.00,Sim,
28.00,94995.41,544.32,0.00,0.00,0.00,0.00,0.00,0.00,0.00,0.00,Sim,
28.22,95030.24,540.83,0.00,0.00,0.00,0.00,0.00,0.00,0.00,0.00,Sim,
27.81,94966.69,537.78,0.00,0.00,0.00,0.00,0.00,0.00,0.00,0.00,Sim,
27.46,94911.34,543.35,0.00,0.00,0.00,0.00,0.00,0.00,0.00,0.00,Sim,
27.16,94863.28,548.21,0.00,0.00,0.00,0.00,0.00,0.00,0.00,0.00,Sim,
27.50,94915.19,552.43,0.00,0.00,0.00,0.00,0.00,0.00,0.00,0.00,Sim,
27.79,94960.77,547.87,0.00,0.00,0.00,0.00,0.00,0.00,0.00,0.00,Sim,
28.03,95000.20,543.87,0.00,0.00,0.00,0.00,0.00,0.00,0.00,0.00,Sim,
28.25,95035.13,540.41,0.00,0.00,0.00,0.00,0.00,0.00,0.00,0.00,Sim,
27.84,94971.44,537.35,0.00,0.00,0.00,0.00,0.00,0.00,0.00,0.00,Sim,
27.49,94916.39,542.94,0.00,0.00,0.00,0.00,0.00,0.00,0.00,0.00,Sim,
27.19,94869.15,547.77,0.00,0.00,0.00,0.00,0.00,0.00,0.00,0.00,Sim,
27.24,94875.18,551.92,0.00,0.00,0.00,0.00,0.00,0.00,0.00,0.00,Sim,
27.56,94925.20,551.39,0.00,0.00,0.00,0.00,0.00,0.00,0.00,0.00,Sim,
27.84,94969.48,546.99,0.00,0.00,0.00,0.00,0.00,0.00,0.00,0.00,Sim,
28.08,95007.89,541.36,0.00,0.00,0.00,0.00,0.00,0.00,0.00,0.00,Sim,
27.73,94954.73,542.56,0.00,0.00,0.00,0.00,0.00,0.00,0.00,0.00,Sim,
27.46,94912.36,546.81,0.00,0.00,0.00,0.00,0.00,0.00,0.00,0.00,Sim,
27.22,94872.75,550.29,0.00,0.00,0.00,0.00,0.00,0.00,0.00,0.00,Sim,
27.26,94878.19,553.54,0.00,0.00,0.00,0.00,0.00,0.00,0.00,0.00,Sim,
27.58,94928.21,548.84,0.00,0.00,0.00,0.00,0.00,0.00,0.00,0.00,Sim,
27.98,94991.66,544.75,0.00,0.00,0.00,0.00,0.00,0.00,0.00,0.00,Sim,
28.20,95027.61,541.16,0.00,0.00,0.00,0.00,0.00,0.00,0.00,0.00,Sim,
27.82,94968.01,538.01,0.00,0.00,0.00,0.00,0.00,0.00,0.00,0.00,Sim,
27.49,94916.45,543.24,0.00,0.00,0.00,0.00,0.00,0.00,0.00,0.00,Sim,
27.21,94870.64,547.76,0.00,0.00,0.00,0.00,0.00,0.00,0.00,0.00,Sim,
27.53,94921.17,551.78,0.00,0.00,0.00,0.00,0.00,0.00,0.00,0.00,Sim,
27.82,94966.00,547.35,0.00,0.00,0.00,0.00,0.00,0.00,0.00,0.00,Sim,
28.06,95004.69,543.42,0.00,0.00,0.00,0.00,0.00,0.00,0.00,0.00,Sim,
28.28,95038.88,540.02,0.00,0.00,0.00,0.00,0.00,0.00,0.00,0.00,Sim,
27.87,94975.50,537.02,0.00,0.00,0.00,0.00,0.00,0.00,0.00,0.00,Sim,
27.53,94921.11,542.58,0.00,0.00,0.00,0.00,0.00,0.00,0.00,0.00,Sim,
27.23,94873.52,547.35,0.00,0.00,0.00,0.00,0.00,0.00,0.00,0.00,Sim,
27.56,94923.72,551.53,0.00,0.00,0.00,0.00,0.00,0.00,0.00,0.00,Sim,
27.84,94967.75,547.13,0.00,0.00,0.00,0.00,0.00,0.00,0.00,0.00,Sim,
28.09,95006.60,543.26,0.00,0.00,0.00,0.00,0.00,0.00,0.00,0.00,Sim,
28.30,95040.57,539.85,0.00,0.00,0.00,0.00,0.00,0.00,0.00,0.00,Sim,
27.89,94977.33,536.87,0.00,0.00,0.00,0.00,0.00,0.00,0.00,0.00,Sim,
27.55,94922.58,542.42,0.00,0.00,0.00,0.00,0.00,0.00,0.00,0.00,Sim,
27.25,94875.55,547.23,0.00,0.00,0.00,0.00,0.00,0.00,0.00,0.00,Sim,
27.30,94881.36,551.35,0.00,0.00,0.00,0.00,0.00,0.00,0.00,0.00,Sim,
27.61,94930.41,548.61,0.00,0.00,0.00,0.00,0.00,0.00,0.00,0.00,Sim,
27.89,94973.55,544.59,0.00,0.00,0.00,0.00,0.00,0.00,0.00,0.00,Sim,
28.02,95011.16,541.03,0.00,0.00,0.00,0.00,0.00,0.00,0.00,0.00,Sim,
27.60,94930.55,540.75,0.00,0.00,0.00,0.00,0.00,0.00,0.00,0.00,Sim,
26.86,94814.70,552.06,0.00,0.00,0.00,0.00,0.00,0.00,0.00,0.00,Sim,
26.22,94712.69,561.46,0.00,0.00,0.00,0.00,0.00,0.00,0.00,0.00,Sim,
26.18,94704.20,569.85,0.00,0.00,0.00,0.00,0.00,0.00,0.00,0.00,Sim,
26.84,94806.27,563.21,0.00,0.00,0.00,0.00,0.00,0.00,0.00,0.00,Sim,
27.21,94863.60,557.44,0.00,0.00,0.00,0.00,0.00,0.00,0.00,0.00,Sim,
27.53,94915.22,552.40,0.00,0.00,0.00,0.00,0.00,0.00,0.00,0.00,Sim,
26.68,94782.43,547.87,0.00,0.00,0.00,0.00,0.00,0.00,0.00,0.00,Sim,
25.94,94666.84,559.53,0.00,0.00,0.00,0.00,0.00,0.00,0.00,0.00,Sim,
25.31,94566.15,569.70,0.00,0.00,0.00,0.00,0.00,0.00,0.00,0.00,Sim,
25.88,94653.84,578.56,0.00,0.00,0.00,0.00,0.00,0.00,0.00,0.00,Sim,
26.37,94731.07,570.84,0.00,0.00,0.00,0.00,0.00,0.00,0.00,0.00,Sim,
26.80,94798.33,564.05,0.00,0.00,0.00,0.00,0.00,0.00,0.00,0.00,Sim,
27.17,94858.20,558.14,0.00,0.00,0.00,0.00,0.00,0.00,0.00,0.00,Sim,
26.36,94731.41,552.88,0.00,0.00,0.00,0.00,0.00,0.00,0.00,0.00,Sim,
25.65,94620.64,564.02,0.00,0.00,0.00,0.00,0.00,0.00,0.00,0.00,Sim,
25.03,94522.92,573.76,0.00,0.00,0.00,0.00,0.00,0.00,0.00,0.00,Sim,
25.64,94615.48,582.37,0.00,0.00,0.00,0.00,0.00,0.00,0.00,0.00,Sim,
26.16,94697.16,574.22,0.00,0.00,0.00,0.00,0.00,0.00,0.00,0.00,Sim,
26.62,94769.00,567.03,0.00,0.00,0.00,0.00,0.00,0.00,0.00,0.00,Sim,
27.01,94832.12,560.71,0.00,0.00,0.00,0.00,0.00,0.00,0.00,0.00,Sim,
26.21,94707.49,555.17,0.00,0.00,0.00,0.00,0.00,0.00,0.00,0.00,Sim,
25.52,94599.14,566.12,0.00,0.00,0.00,0.00,0.00,0.00,0.00,0.00,Sim,
24.92,94505.28,575.65,0.00,0.00,0.00,0.00,0.00,0.00,0.00,0.00,Sim,
25.54,94599.52,583.92,0.00,0.00,0.00,0.00,0.00,0.00,0.00,0.00,Sim,
26.08,94683.23,575.62,0.00,0.00,0.00,0.00,0.00,0.00,0.00,0.00,Sim,
26.54,94756.37,568.26,0.00,0.00,0.00,0.00,0.00,0.00,0.00,0.00,Sim,
26.95,94820.31,561.83,0.00,0.00,0.00,0.00,0.00,0.00,0.00,0.00,Sim,
26.15,94696.70,556.21,0.00,0.00,0.00,0.00,0.00,0.00,0.00,0.00,Sim,
25.46,94589.69,567.07,0.00,0.00,0.00,0.00,0.00,0.00,0.00,0.00,Sim,
24.88,94498.57,576.49,0.00,0.00,0.00,0.00,0.00,0.00,0.00,0.00,Sim,
24.96,94508.14,584.51,0.00,0.00,0.00,0.00,0.00,0.00,0.00,0.00,Sim,
25.57,94602.52,583.67,0.00,0.00,0.00,0.00,0.00,0.00,0.00,0.00,Sim,
26.10,94685.27,575.36,0.00,0.00,0.00,0.00,0.00,0.00,0.00,0.00,Sim,
26.56,94758.25,564.77,0.00,0.00,0.00,0.00,0.00,0.00,0.00,0.00,Sim,
25.81,94642.50,566.92,0.00,0.00,0.00,0.00,0.00,0.00,0.00,0.00,Sim,
25.18,94544.39,571.84,0.00,0.00,0.00,0.00,0.00,0.00,0.00,0.00,Sim,
24.63,94456.59,580.47,0.00,0.00,0.00,0.00,0.00,0.00,0.00,0.00,Sim,
24.73,94469.55,588.21,0.00,0.00,0.00,0.00,0.00,0.00,0.00,0.00,Sim,
25.37,94568.73,582.54,0.00,0.00,0.00,0.00,0.00,0.00,0.00,0.00,Sim,
25.92,94656.08,574.38,0.00,0.00,0.00,0.00,0.00,0.00,0.00,0.00,Sim,
26.40,94732.47,567.20,0.00,0.00,0.00,0.00,0.00,0.00,0.00,0.00,Sim,
25.72,94627.73,568.78,0.00,0.00,0.00,0.00,0.00,0.00,0.00,0.00,Sim,
25.11,94532.77,577.63,0.00,0.00,0.00,0.00,0.00,0.00,0.00,0.00,Sim,
24.63,94457.19,585.42,0.00,0.00,0.00,0.00,0.00,0.00,0.00,0.00,Sim,
24.73,94471.38,591.71,0.00,0.00,0.00,0.00,0.00,0.00,0.00,0.00,Sim,
25.37,94570.16,582.41,0.00,0.00,0.00,0.00,0.00,0.00,0.00,0.00,Sim,
26.17,94696.92,574.25,0.00,0.00,0.00,0.00,0.00,0.00,0.00,0.00,Sim,
26.62,94769.20,567.05,0.00,0.00,0.00,0.00,0.00,0.00,0.00,0.00,Sim,
25.87,94652.35,560.70,0.00,0.00,0.00,0.00,0.00,0.00,0.00,0.00,Sim,
25.30,94562.16,570.97,0.00,0.00,0.00,0.00,0.00,0.00,0.00,0.00,Sim,
25.03,94520.13,578.91,0.00,0.00,0.00,0.00,0.00,0.00,0.00,0.00,Sim,
25.39,94574.13,586.50,0.00,0.00,0.00,0.00,0.00,0.00,0.00,0.00,Sim,
25.95,94660.61,577.86,0.00,0.00,0.00,0.00,0.00,0.00,0.00,0.00,Sim,
26.43,94737.02,570.25,0.00,0.00,0.00,0.00,0.00,0.00,0.00,0.00,Sim,
26.85,94804.10,563.53,0.00,0.00,0.00,0.00,0.00,0.00,0.00,0.00,Sim,
26.07,94683.64,557.63,0.00,0.00,0.00,0.00,0.00,0.00,0.00,0.00,Sim,
25.41,94579.30,568.22,0.00,0.00,0.00,0.00,0.00,0.00,0.00,0.00,Sim,
24.83,94488.02,577.40,0.00,0.00,0.00,0.00,0.00,0.00,0.00,0.00,Sim,
25.46,94584.63,585.44,0.00,0.00,0.00,0.00,0.00,0.00,0.00,0.00,Sim,
26.01,94669.76,576.93,0.00,0.00,0.00,0.00,0.00,0.00,0.00,0.00,Sim,
26.48,94744.63,569.44,0.00,0.00,0.00,0.00,0.00,0.00,0.00,0.00,Sim,
26.90,94810.91,562.86,0.00,0.00,0.00,0.00,0.00,0.00,0.00,0.00,Sim,
26.10,94688.30,557.03,0.00,0.00,0.00,0.00,0.00,0.00,0.00,0.00,Sim,
25.43,94581.98,567.81,0.00,0.00,0.00,0.00,0.00,0.00,0.00,0.00,Sim,
24.85,94491.30,577.17,0.00,0.00,0.00,0.00,0.00,0.00,0.00,0.00,Sim,
25.48,94587.52,585.15,0.00,0.00,0.00,0.00,0.00,0.00,0.00,0.00,Sim,
26.02,94672.21,576.68,0.00,0.00,0.00,0.00,0.00,0.00,0.00,0.00,Sim,
26.50,94747.28,569.22,0.00,0.00,0.00,0.00,0.00,0.00,0.00,0.00,Sim,
26.91,94812.63,562.62,0.00,0.00,0.00,0.00,0.00,0.00,0.00,0.00,Sim,
26.12,94690.04,556.88,0.00,0.00,0.00,0.00,0.00,0.00,0.00,0.00,Sim,
25.44,94583.49,567.66,0.00,0.00,0.00,0.00,0.00,0.00,0.00,0.00,Sim,
24.86,94492.21,577.03,0.00,0.00,0.00,0.00,0.00,0.00,0.00,0.00,Sim,
25.49,94587.86,585.07,0.00,0.00,0.00,0.00,0.00,0.00,0.00,0.00,Sim,
26.03,94672.98,576.65,0.00,0.00,0.00,0.00,0.00,0.00,0.00,0.00,Sim,
26.51,94748.05,569.16,0.00,0.00,0.00,0.00,0.00,0.00,0.00,0.00,Sim,
26.92,94813.39,562.56,0.00,0.00,0.00,0.00,0.00,0.00,0.00,0.00,Sim,
26.13,94690.95,556.81,0.00,0.00,0.00,0.00,0.00,0.00,0.00,0.00,Sim,
25.45,94585.20,567.58,0.00,0.00,0.00,0.00,0.00,0.00,0.00,0.00,Sim,
24.87,94493.16,576.88,0.00,0.00,0.00,0.00,0.00,0.00,0.00,0.00,Sim,
24.95,94503.44,584.99,0.00,0.00,0.00,0.00,0.00,0.00,0.00,0.00,Sim,
25.57,94598.64,584.08,0.00,0.00,0.00,0.00,0.00,0.00,0.00,0.00,Sim,
26.10,94682.19,571.94,0.00,0.00,0.00,0.00,0.00,0.00,0.00,0.00,Sim,
26.56,94755.56,565.04,0.00,0.00,0.00,0.00,0.00,0.00,0.00,0.00,Sim,
25.88,94651.47,566.52,0.00,0.00,0.00,0.00,0.00,0.00,0.00,0.00,Sim,
25.26,94553.97,575.70,0.00,0.00,0.00,0.00,0.00,0.00,0.00,0.00,Sim,
24.73,94469.38,583.69,0.00,0.00,0.00,0.00,0.00,0.00,0.00,0.00,Sim,
24.82,94482.26,590.63,0.00,0.00,0.00,0.00,0.00,0.00,0.00,0.00,Sim,
25.45,94579.50,581.50,0.00,0.00,0.00,0.00,0.00,0.00,0.00,0.00,Sim,
26.25,94704.16,573.48,0.00,0.00,0.00,0.00,0.00,0.00,0.00,0.00,Sim,
26.69,94775.20,566.42,0.00,0.00,0.00,0.00,0.00,0.00,0.00,0.00,Sim,
25.93,94657.33,560.17,0.00,0.00,0.00,0.00,0.00,0.00,0.00,0.00,Sim,
25.28,94555.40,570.53,0.00,0.00,0.00,0.00,0.00,0.00,0.00,0.00,Sim,
24.73,94468.02,579.51,0.00,0.00,0.00,0.00,0.00,0.00,0.00,0.00,Sim,
25.37,94567.05,587.20,0.00,0.00,0.00,0.00,0.00,0.00,0.00,0.00,Sim,
25.93,94654.30,578.48,0.00,0.00,0.00,0.00,0.00,0.00,0.00,0.00,Sim,
26.42,94731.13,570.80,0.00,0.00,0.00,0.00,0.00,0.00,0.00,0.00,Sim,
26.84,94799.02,564.04,0.00,0.00,0.00,0.00,0.00,0.00,0.00,0.00,Sim,
26.07,94678.50,558.08,0.00,0.00,0.00,0.00,0.00,0.00,0.00,0.00,Sim,
25.40,94573.56,568.67,0.00,0.00,0.00,0.00,0.00,0.00,0.00,0.00,Sim,
24.82,94483.28,577.91,0.00,0.00,0.00,0.00,0.00,0.00,0.00,0.00,Sim,
25.46,94580.47,585.86,0.00,0.00,0.00,0.00,0.00,0.00,0.00,0.00,Sim,
26.01,94666.22,577.30,0.00,0.00,0.00,0.00,0.00,0.00,0.00,0.00,Sim,
26.49,94741.82,569.75,0.00,0.00,0.00,0.00,0.00,0.00,0.00,0.00,Sim,
26.90,94808.33,563.10,0.00,0.00,0.00,0.00,0.00,0.00,0.00,0.00,Sim,
26.12,94686.56,557.26,0.00,0.00,0.00,0.00,0.00,0.00,0.00,0.00,Sim,
25.44,94581.21,567.96,0.00,0.00,0.00,0.00,0.00,0.00,0.00,0.00,Sim,
24.88,94491.56,577.23,0.00,0.00,0.00,0.00,0.00,0.00,0.00,0.00,Sim,
25.51,94587.44,585.13,0.00,0.00,0.00,0.00,0.00,0.00,0.00,0.00,Sim,
26.05,94672.13,576.68,0.00,0.00,0.00,0.00,0.00,0.00,0.00,0.00,Sim,
26.52,94746.80,569.23,0.00,0.00,0.00,0.00,0.00,0.00,0.00,0.00,Sim,
26.93,94812.14,562.67,0.00,0.00,0.00,0.00,0.00,0.00,0.00,0.00,Sim,
26.14,94690.09,556.92,0.00,0.00,0.00,0.00,0.00,0.00,0.00,0.00,Sim,
25.47,94584.55,567.65,0.00,0.00,0.00,0.00,0.00,0.00,0.00,0.00,Sim,
24.89,94493.45,576.94,0.00,0.00,0.00,0.00,0.00,0.00,0.00,0.00,Sim,
24.98,94503.98,584.96,0.00,0.00,0.00,0.00,0.00,0.00,0.00,0.00,Sim,
25.59,94598.78,584.11,0.00,0.00,0.00,0.00,0.00,0.00,0.00,0.00,Sim,
26.12,94682.11,571.91,0.00,0.00,0.00,0.00,0.00,0.00,0.00,0.00,Sim,
26.58,94755.48,565.01,0.00,0.00,0.00,0.00,0.00,0.00,0.00,0.00,Sim,
25.99,94665.27,565.25,0.00,0.00,0.00,0.00,0.00,0.00,0.00,0.00,Sim,
25.36,94566.34,574.50,0.00,0.00,0.00,0.00,0.00,0.00,0.00,0.00,Sim,
24.56,94480.48,582.63,0.00,0.00,0.00,0.00,0.00,0.00,0.00,0.00,Sim,
25.23,94542.59,589.62,0.00,0.00,0.00,0.00,0.00,0.00,0.00,0.00,Sim,
25.80,94632.80,580.63,0.00,0.00,0.00,0.00,0.00,0.00,0.00,0.00,Sim,
26.31,94712.27,572.69,0.00,0.00,0.00,0.00,0.00,0.00,0.00,0.00,Sim,
26.75,94782.70,565.70,0.00,0.00,0.00,0.00,0.00,0.00,0.00,0.00,Sim,
25.99,94665.78,559.51,0.00,0.00,0.00,0.00,0.00,0.00,0.00,0.00,Sim,
25.34,94563.91,569.79,0.00,0.00,0.00,0.00,0.00,0.00,0.00,0.00,Sim,
24.79,94476.92,578.76,0.00,0.00,0.00,0.00,0.00,0.00,0.00,0.00,Sim,
25.43,94574.91,586.42,0.00,0.00,0.00,0.00,0.00,0.00,0.00,0.00,Sim,
25.99,94661.22,577.79,0.00,0.00,0.00,0.00,0.00,0.00,0.00,0.00,Sim,
26.47,94737.22,570.19,0.00,0.00,0.00,0.00,0.00,0.00,0.00,0.00,Sim,
26.89,94804.36,563.51,0.00,0.00,0.00,0.00,0.00,0.00,0.00,0.00,Sim,
26.12,94685.47,557.61,0.00,0.00,0.00,0.00,0.00,0.00,0.00,0.00,Sim,
25.47,94583.53,568.06,0.00,0.00,0.00,0.00,0.00,0.00,0.00,0.00,Sim,
24.92,94496.11,577.03,0.00,0.00,0.00,0.00,0.00,0.00,0.00,0.00,Sim,
25.54,94591.36,584.73,0.00,0.00,0.00,0.00,0.00,0.00,0.00,0.00,Sim,
26.08,94675.30,576.34,0.00,0.00,0.00,0.00,0.00,0.00,0.00,0.00,Sim,
26.56,94749.63,568.95,0.00,0.00,0.00,0.00,0.00,0.00,0.00,0.00,Sim,
26.97,94814.39,562.42,0.00,0.00,0.00,0.00,0.00,0.00,0.00,0.00,Sim,
26.20,94695.59,556.73,0.00,0.00,0.00,0.00,0.00,0.00,0.00,0.00,Sim,
25.54,94592.67,567.17,0.00,0.00,0.00,0.00,0.00,0.00,0.00,0.00,Sim,
24.98,94504.95,576.22,0.00,0.00,0.00,0.00,0.00,0.00,0.00,0.00,Sim,
25.25,94545.05,583.95,0.00,0.00,0.00,0.00,0.00,0.00,0.00,0.00,Sim,
25.83,94635.38,580.42,0.00,0.00,0.00,0.00,0.00,0.00,0.00,0.00,Sim,
26.33,94714.25,572.47,0.00,0.00,0.00,0.00,0.00,0.00,0.00,0.00,Sim,
26.77,94783.81,562.35,0.00,0.00,0.00,0.00,0.00,0.00,0.00,0.00,Sim,
26.13,94686.10,564.75,0.00,0.00,0.00,0.00,0.00,0.00,0.00,0.00,Sim,
25.54,94594.16,572.72,0.00,0.00,0.00,0.00,0.00,0.00,0.00,0.00,Sim,
25.09,94522.54,580.26,0.00,0.00,0.00,0.00,0.00,0.00,0.00,0.00,Sim,
25.15,94530.05,586.17,0.00,0.00,0.00,0.00,0.00,0.00,0.00,0.00,Sim,
25.74,94621.77,577.53,0.00,0.00,0.00,0.00,0.00,0.00,0.00,0.00,Sim,
26.26,94702.50,569.99,0.00,0.00,0.00,0.00,0.00,0.00,0.00,0.00,Sim,
26.91,94775.03,563.31,0.00,0.00,0.00,0.00,0.00,0.00,0.00,0.00,Sim,
26.13,94686.95,557.39,0.00,0.00,0.00,0.00,0.00,0.00,0.00,0.00,Sim,
25.51,94588.70,567.93,0.00,0.00,0.00,0.00,0.00,0.00,0.00,0.00,Sim,
25.26,94548.89,576.57,0.00,0.00,0.00,0.00,0.00,0.00,0.00,0.00,Sim,
25.60,94554.00,583.94,0.00,0.00,0.00,0.00,0.00,0.00,0.00,0.00,Sim,
26.13,94683.30,575.58,0.00,0.00,0.00,0.00,0.00,0.00,0.00,0.00,Sim,
26.13,94683.30,568.25,0.00,0.00,0.00,0.00,0.00,0.00,0.00,0.00,Sim,
26.60,94756.43,568.25,0.00,0.00,0.00,0.00,0.00,0.00,0.00,0.00,Sim,
27.00,94820.94,561.82,0.00,0.00,0.00,0.00,0.00,0.00,0.00,0.00,Sim,
26.21,94698.93,556.15,0.00,0.00,0.00,0.00,0.00,0.00,0.00,0.00,Sim,
25.54,94594.16,566.87,0.00,0.00,0.00,0.00,0.00,0.00,0.00,0.00,Sim,
24.97,94504.61,576.09,0.00,0.00,0.00,0.00,0.00,0.00,0.00,0.00,Sim,
25.05,94514.35,583.98,0.00,0.00,0.00,0.00,0.00,0.00,0.00,0.00,Sim,
25.66,94607.75,578.87,0.00,0.00,0.00,0.00,0.00,0.00,0.00,0.00,Sim,
26.42,94727.31,571.16,0.00,0.00,0.00,0.00,0.00,0.00,0.00,0.00,Sim,
26.84,94795.93,564.38,0.00,0.00,0.00,0.00,0.00,0.00,0.00,0.00,Sim,
26.08,94677.81,558.35,0.00,0.00,0.00,0.00,0.00,0.00,0.00,0.00,Sim,
25.43,94576.53,568.73,0.00,0.00,0.00,0.00,0.00,0.00,0.00,0.00,Sim,
24.87,94488.09,577.64,0.00,0.00,0.00,0.00,0.00,0.00,0.00,0.00,Sim,
25.51,94584.70,585.43,0.00,0.00,0.00,0.00,0.00,0.00,0.00,0.00,Sim,
26.05,94669.80,576.92,0.00,0.00,0.00,0.00,0.00,0.00,0.00,0.00,Sim,
26.53,94744.52,569.44,0.00,0.00,0.00,0.00,0.00,0.00,0.00,0.00,Sim,
26.94,94810.08,562.87,0.00,0.00,0.00,0.00,0.00,0.00,0.00,0.00,Sim,
26.17,94689.73,557.11,0.00,0.00,0.00,0.00,0.00,0.00,0.00,0.00,Sim,
25.51,94587.78,567.68,0.00,0.00,0.00,0.00,0.00,0.00,0.00,0.00,Sim,
24.95,94498.70,576.65,0.00,0.00,0.00,0.00,0.00,0.00,0.00,0.00,Sim,
25.22,94539.28,584.50,0.00,0.00,0.00,0.00,0.00,0.00,0.00,0.00,Sim,
25.81,94629.60,576.84,0.00,0.00,0.00,0.00,0.00,0.00,0.00,0.00,Sim,
26.31,94709.31,569.34,0.00,0.00,0.00,0.00,0.00,0.00,0.00,0.00,Sim,
26.96,94812.45,562.78,0.00,0.00,0.00,0.00,0.00,0.00,0.00,0.00,Sim,
26.18,94692.73,556.90,0.00,0.00,0.00,0.00,0.00,0.00,0.00,0.00,Sim,
25.53,94589.88,567.42,0.00,0.00,0.00,0.00,0.00,0.00,0.00,0.00,Sim,
24.96,94500.45,576.47,0.00,0.00,0.00,0.00,0.00,0.00,0.00,0.00,Sim,
25.58,94595.25,584.34,0.00,0.00,0.00,0.00,0.00,0.00,0.00,0.00,Sim,
26.12,94679.31,576.00,0.00,0.00,0.00,0.00,0.00,0.00,0.00,0.00,Sim,
26.59,94752.80,568.60,0.00,0.00,0.00,0.00,0.00,0.00,0.00,0.00,Sim,
27.00,94817.52,562.14,0.00,0.00,0.00,0.00,0.00,0.00,0.00,0.00,Sim,
26.22,94697.96,556.45,0.00,0.00,0.00,0.00,0.00,0.00,0.00,0.00,Sim,
25.56,94594.41,566.96,0.00,0.00,0.00,0.00,0.00,0.00,0.00,0.00,Sim,
24.99,94504.70,576.07,0.00,0.00,0.00,0.00,0.00,0.00,0.00,0.00,Sim,
25.61,94598.90,583.97,0.00,0.00,0.00,0.00,0.00,0.00,0.00,0.00,Sim,
26.14,94682.39,575.68,0.00,0.00,0.00,0.00,0.00,0.00,0.00,0.00,Sim,
26.61,94756.09,564.96,0.00,0.00,0.00,0.00,0.00,0.00,0.00,0.00,Sim,
27.13,94839.23,558.92,0.00,0.00,0.00,0.00,0.00,0.00,0.00,0.00,Sim,
26.38,94722.96,554.54,0.00,0.00,0.00,0.00,0.00,0.00,0.00,0.00,Sim,
25.78,94630.08,564.76,0.00,0.00,0.00,0.00,0.00,0.00,0.00,0.00,Sim,
25.28,94549.92,572.93,0.00,0.00,0.00,0.00,0.00,0.00,0.00,0.00,Sim,
25.86,94638.89,579.99,0.00,0.00,0.00,0.00,0.00,0.00,0.00,0.00,Sim,
26.36,94717.30,572.16,0.00,0.00,0.00,0.00,0.00,0.00,0.00,0.00,Sim,
26.80,94786.75,565.26,0.00,0.00,0.00,0.00,0.00,0.00,0.00,0.00,Sim,
27.18,94847.79,559.15,0.00,0.00,0.00,0.00,0.00,0.00,0.00,0.00,Sim,
26.39,94725.16,553.79,0.00,0.00,0.00,0.00,0.00,0.00,0.00,0.00,Sim,
25.71,94619.34,564.57,0.00,0.00,0.00,0.00,0.00,0.00,0.00,0.00,Sim,
25.13,94527.02,573.88,0.00,0.00,0.00,0.00,0.00,0.00,0.00,0.00,Sim,
25.73,94618.66,582.00,0.00,0.00,0.00,0.00,0.00,0.00,0.00,0.00,Sim,
26.25,94700.16,573.94,0.00,0.00,0.00,0.00,0.00,0.00,0.00,0.00,Sim,
26.70,94771.44,563.56,0.00,0.00,0.00,0.00,0.00,0.00,0.00,0.00,Sim,
27.10,94833.98,557.65,0.00,0.00,0.00,0.00,0.00,0.00,0.00,0.00,Sim,
26.33,94714.77,560.62,0.00,0.00,0.00,0.00,0.00,0.00,0.00,0.00,Sim,
25.67,94612.98,570.27,0.00,0.00,0.00,0.00,0.00,0.00,0.00,0.00,Sim,
25.11,94524.69,578.65,0.00,0.00,0.00,0.00,0.00,0.00,0.00,0.00,Sim,
25.48,94579.70,585.94,0.00,0.00,0.00,0.00,0.00,0.00,0.00,0.00,Sim,
26.03,94665.39,577.37,0.00,0.00,0.00,0.00,0.00,0.00,0.00,0.00,Sim,
26.51,94741.03,569.82,0.00,0.00,0.00,0.00,0.00,0.00,0.00,0.00,Sim,
26.93,94808.08,563.17,0.00,0.00,0.00,0.00,0.00,0.00,0.00,0.00,Sim,
26.17,94690.93,557.28,0.00,0.00,0.00,0.00,0.00,0.00,0.00,0.00,Sim,
25.52,94588.84,567.58,0.00,0.00,0.00,0.00,0.00,0.00,0.00,0.00,Sim,
24.96,94499.99,576.56,0.00,0.00,0.00,0.00,0.00,0.00,0.00,0.00,Sim,
25.58,94594.81,584.39,0.00,0.00,0.00,0.00,0.00,0.00,0.00,0.00,Sim,
26.12,94678.97,576.04,0.00,0.00,0.00,0.00,0.00,0.00,0.00,0.00,Sim,
26.59,94753.06,568.63,0.00,0.00,0.00,0.00,0.00,0.00,0.00,0.00,Sim,
27.00,94818.14,559.18,0.00,0.00,0.00,0.00,0.00,0.00,0.00,0.00,Sim,
26.25,94702.96,561.82,0.00,0.00,0.00,0.00,0.00,0.00,0.00,0.00,Sim,
25.66,94610.83,571.22,0.00,0.00,0.00,0.00,0.00,0.00,0.00,0.00,Sim,
25.16,94531.99,578.79,0.00,0.00,0.00,0.00,0.00,0.00,0.00,0.00,Sim,
25.22,94538.28,585.43,0.00,0.00,0.00,0.00,0.00,0.00,0.00,0.00,Sim,
26.07,94669.66,576.90,0.00,0.00,0.00,0.00,0.00,0.00,0.00,0.00,Sim,
26.54,94744.89,569.45,0.00,0.00,0.00,0.00,0.00,0.00,0.00,0.00,Sim,
26.96,94811.30,562.83,0.00,0.00,0.00,0.00,0.00,0.00,0.00,0.00,Sim,
26.20,94693.42,557.00,0.00,0.00,0.00,0.00,0.00,0.00,0.00,0.00,Sim,
25.55,94591.30,567.36,0.00,0.00,0.00,0.00,0.00,0.00,0.00,0.00,Sim,
24.98,94501.48,576.34,0.00,0.00,0.00,0.00,0.00,0.00,0.00,0.00,Sim,
25.60,94596.67,584.25,0.00,0.00,0.00,0.00,0.00,0.00,0.00,0.00,Sim,
26.14,94679.99,575.87,0.00,0.00,0.00,0.00,0.00,0.00,0.00,0.00,Sim,
26.61,94753.34,568.54,0.00,0.00,0.00,0.00,0.00,0.00,0.00,0.00,Sim,
27.01,94818.28,559.14,0.00,0.00,0.00,0.00,0.00,0.00,0.00,0.00,Sim,
26.28,94704.13,561.78,0.00,0.00,0.00,0.00,0.00,0.00,0.00,0.00,Sim,
25.61,94600.53,566.36,0.00,0.00,0.00,0.00,0.00,0.00,0.00,0.00,Sim,
25.04,94509.81,579.64,0.00,0.00,0.00,0.00,0.00,0.00,0.00,0.00,Sim,
25.11,94518.36,587.25,0.00,0.00,0.00,0.00,0.00,0.00,0.00,0.00,Sim,
25.98,94653.86,578.52,0.00,0.00,0.00,0.00,0.00,0.00,0.00,0.00,Sim,
26.46,94730.66,570.84,0.00,0.00,0.00,0.00,0.00,0.00,0.00,0.00,Sim,
26.89,94798.70,564.09,0.00,0.00,0.00,0.00,0.00,0.00,0.00,0.00,Sim,
26.14,94683.42,558.10,0.00,0.00,0.00,0.00,0.00,0.00,0.00,0.00,Sim,
25.50,94582.54,568.24,0.00,0.00,0.00,0.00,0.00,0.00,0.00,0.00,Sim,
24.94,94493.69,577.12,0.00,0.00,0.00,0.00,0.00,0.00,0.00,0.00,Sim,
25.56,94589.51,584.94,0.00,0.00,0.00,0.00,0.00,0.00,0.00,0.00,Sim,
26.11,94674.37,576.50,0.00,0.00,0.00,0.00,0.00,0.00,0.00,0.00,Sim,
26.58,94748.86,569.04,0.00,0.00,0.00,0.00,0.00,0.00,0.00,0.00,Sim,
26.99,94813.97,562.48,0.00,0.00,0.00,0.00,0.00,0.00,0.00,0.00,Sim,
26.23,94695.96,556.76,0.00,0.00,0.00,0.00,0.00,0.00,0.00,0.00,Sim,
25.57,94593.95,567.14,0.00,0.00,0.00,0.00,0.00,0.00,0.00,0.00,Sim,
24.99,94502.88,576.11,0.00,0.00,0.00,0.00,0.00,0.00,0.00,0.00,Sim,
25.07,94512.59,587.83,0.00,0.00,0.00,0.00,0.00,0.00,0.00,0.00,Sim,
25.68,94606.02,579.04,0.00,0.00,0.00,0.00,0.00,0.00,0.00,0.00,Sim,
26.44,94726.17,571.27,0.00,0.00,0.00,0.00,0.00,0.00,0.00,0.00,Sim,
26.87,94794.98,564.48,0.00,0.00,0.00,0.00,0.00,0.00,0.00,0.00,Sim,
26.13,94679.94,558.43,0.00,0.00,0.00,0.00,0.00,0.00,0.00,0.00,Sim,
25.48,94579.03,568.55,0.00,0.00,0.00,0.00,0.00,0.00,0.00,0.00,Sim,
24.92,94490.58,577.42,0.00,0.00,0.00,0.00,0.00,0.00,0.00,0.00,Sim,
25.55,94586.56,585.21,0.00,0.00,0.00,0.00,0.00,0.00,0.00,0.00,Sim,
26.10,94671.69,576.76,0.00,0.00,0.00,0.00,0.00,0.00,0.00,0.00,Sim,
26.57,94746.00,569.27,0.00,0.00,0.00,0.00,0.00,0.00,0.00,0.00,Sim,
26.98,94811.56,562.74,0.00,0.00,0.00,0.00,0.00,0.00,0.00,0.00,Sim,
26.22,94694.02,556.97,0.00,0.00,0.00,0.00,0.00,0.00,0.00,0.00,Sim,
25.57,94591.28,567.31,0.00,0.00,0.00,0.00,0.00,0.00,0.00,0.00,Sim,
25.00,94501.06,576.35,0.00,0.00,0.00,0.00,0.00,0.00,0.00,0.00,Sim,
25.12,94517.84,584.29,0.00,0.00,0.00,0.00,0.00,0.00,0.00,0.00,Sim,
25.72,94610.62,578.60,0.00,0.00,0.00,0.00,0.00,0.00,0.00,0.00,Sim,
26.48,94692.23,570.92,0.00,0.00,0.00,0.00,0.00,0.00,0.00,0.00,Sim,
26.90,94797.64,564.21,0.00,0.00,0.00,0.00,0.00,0.00,0.00,0.00,Sim,
26.25,94696.45,558.20,0.00,0.00,0.00,0.00,0.00,0.00,0.00,0.00,Sim,
25.67,94606.24,567.09,0.00,0.00,0.00,0.00,0.00,0.00,0.00,0.00,Sim,
25.17,94526.55,575.03,0.00,0.00,0.00,0.00,0.00,0.00,0.00,0.00,Sim,
25.77,94618.10,582.04,0.00,0.00,0.00,0.00,0.00,0.00,0.00,0.00,Sim,
26.29,94699.00,573.99,0.00,0.00,0.00,0.00,0.00,0.00,0.00,0.00,Sim,
26.74,94769.52,566.87,0.00,0.00,0.00,0.00,0.00,0.00,0.00,0.00,Sim,
27.13,94832.06,560.67,0.00,0.00,0.00,0.00,0.00,0.00,0.00,0.00,Sim,
26.36,94711.71,555.17,0.00,0.00,0.00,0.00,0.00,0.00,0.00,0.00,Sim,
25.69,94606.93,565.75,0.00,0.00,0.00,0.00,0.00,0.00,0.00,0.00,Sim,
25.10,94514.28,574.97,0.00,0.00,0.00,0.00,0.00,0.00,0.00,0.00,Sim,
25.71,94607.48,583.13,0.00,0.00,0.00,0.00,0.00,0.00,0.00,0.00,Sim,
26.24,94689.60,571.21,0.00,0.00,0.00,0.00,0.00,0.00,0.00,0.00,Sim,
26.70,94762.00,564.42,0.00,0.00,0.00,0.00,0.00,0.00,0.00,0.00,Sim,
27.09,94825.09,558.48,0.00,0.00,0.00,0.00,0.00,0.00,0.00,0.00,Sim,
26.34,94709.69,561.22,0.00,0.00,0.00,0.00,0.00,0.00,0.00,0.00,Sim,
25.70,94609.47,570.63,0.00,0.00,0.00,0.00,0.00,0.00,0.00,0.00,Sim,
24.87,94477.89,578.96,0.00,0.00,0.00,0.00,0.00,0.00,0.00,0.00,Sim,
25.50,94575.23,586.33,0.00,0.00,0.00,0.00,0.00,0.00,0.00,0.00,Sim,
26.05,94660.89,577.76,0.00,0.00,0.00,0.00,0.00,0.00,0.00,0.00,Sim,
26.53,94736.77,570.22,0.00,0.00,0.00,0.00,0.00,0.00,0.00,0.00,Sim,
26.95,94803.25,563.55,0.00,0.00,0.00,0.00,0.00,0.00,0.00,0.00,Sim,
26.20,94687.48,557.70,0.00,0.00,0.00,0.00,0.00,0.00,0.00,0.00,Sim,
25.55,94585.71,567.88,0.00,0.00,0.00,0.00,0.00,0.00,0.00,0.00,Sim,
24.99,94497.23,576.84,0.00,0.00,0.00,0.00,0.00,0.00,0.00,0.00,Sim,
25.61,94592.23,584.63,0.00,0.00,0.00,0.00,0.00,0.00,0.00,0.00,Sim,
26.15,94676.38,576.26,0.00,0.00,0.00,0.00,0.00,0.00,0.00,0.00,Sim,
26.62,94750.20,565.50,0.00,0.00,0.00,0.00,0.00,0.00,0.00,0.00,Sim,
27.03,94815.48,559.40,0.00,0.00,0.00,0.00,0.00,0.00,0.00,0.00,Sim,
26.33,94707.97,561.98,0.00,0.00,0.00,0.00,0.00,0.00,0.00,0.00,Sim,
25.67,94605.95,570.83,0.00,0.00,0.00,0.00,0.00,0.00,0.00,0.00,Sim,
25.12,94519.05,579.23,0.00,0.00,0.00,0.00,0.00,0.00,0.00,0.00,Sim,
25.50,94574.78,586.41,0.00,0.00,0.00,0.00,0.00,0.00,0.00,0.00,Sim,
26.05,94661.00,577.80,0.00,0.00,0.00,0.00,0.00,0.00,0.00,0.00,Sim,
26.53,94736.86,570.21,0.00,0.00,0.00,0.00,0.00,0.00,0.00,0.00,Sim,
26.95,94804.11,563.54,0.00,0.00,0.00,0.00,0.00,0.00,0.00,0.00,Sim,
26.20,94687.77,557.63,0.00,0.00,0.00,0.00,0.00,0.00,0.00,0.00,Sim,
25.55,94585.66,567.86,0.00,0.00,0.00,0.00,0.00,0.00,0.00,0.00,Sim,
24.99,94497.23,576.84,0.00,0.00,0.00,0.00,0.00,0.00,0.00,0.00,Sim,
25.61,94592.66,584.63,0.00,0.00,0.00,0.00,0.00,0.00,0.00,0.00,Sim,
26.15,94676.38,576.22,0.00,0.00,0.00,0.00,0.00,0.00,0.00,0.00,Sim,
26.62,94749.86,568.86,0.00,0.00,0.00,0.00,0.00,0.00,0.00,0.00,Sim,
27.03,94814.80,562.40,0.00,0.00,0.00,0.00,0.00,0.00,0.00,0.00,Sim,
26.30,94702.11,562.03,0.00,0.00,0.00,0.00,0.00,0.00,0.00,0.00,Sim,
25.73,94613.36,571.28,0.00,0.00,0.00,0.00,0.00,0.00,0.00,0.00,Sim,
25.16,94523.33,578.58,0.00,0.00,0.00,0.00,0.00,0.00,0.00,0.00,Sim,
25.53,94578.02,586.09,0.00,0.00,0.00,0.00,0.00,0.00,0.00,0.00,Sim,
26.08,94663.83,577.51,0.00,0.00,0.00,0.00,0.00,0.00,0.00,0.00,Sim,
26.55,94739.46,569.96,0.00,0.00,0.00,0.00,0.00,0.00,0.00,0.00,Sim,
26.97,94806.11,563.31,0.00,0.00,0.00,0.00,0.00,0.00,0.00,0.00,Sim,
26.21,94689.00,557.45,0.00,0.00,0.00,0.00,0.00,0.00,0.00,0.00,Sim,
25.56,94587.45,567.75,0.00,0.00,0.00,0.00,0.00,0.00,0.00,0.00,Sim,
25.00,94498.04,576.68,0.00,0.00,0.00,0.00,0.00,0.00,0.00,0.00,Sim,
25.62,94593.23,584.56,0.00,0.00,0.00,0.00,0.00,0.00,0.00,0.00,Sim,
26.16,94676.77,576.17,0.00,0.00,0.00,0.00,0.00,0.00,0.00,0.00,Sim,
26.63,94749.95,568.82,0.00,0.00,0.00,0.00,0.00,0.00,0.00,0.00,Sim,
27.03,94814.80,562.39,0.00,0.00,0.00,0.00,0.00,0.00,0.00,0.00,Sim,
26.27,94696.03,556.69,0.00,0.00,0.00,0.00,0.00,0.00,0.00,0.00,Sim,
25.67,94603.08,571.78,0.00,0.00,0.00,0.00,0.00,0.00,0.00,0.00,Sim,
25.16,94522.70,579.45,0.00,0.00,0.00,0.00,0.00,0.00,0.00,0.00,Sim,
25.22,94530.05,586.15,0.00,0.00,0.00,0.00,0.00,0.00,0.00,0.00,Sim,
26.08,94662.69,577.57,0.00,0.00,0.00,0.00,0.00,0.00,0.00,0.00,Sim,
26.56,94738.31,570.06,0.00,0.00,0.00,0.00,0.00,0.00,0.00,0.00,Sim,
26.97,94805.30,563.41,0.00,0.00,0.00,0.00,0.00,0.00,0.00,0.00,Sim,
26.22,94688.77,557.52,0.00,0.00,0.00,0.00,0.00,0.00,0.00,0.00,Sim,
25.57,94587.63,567.77,0.00,0.00,0.00,0.00,0.00,0.00,0.00,0.00,Sim,
25.01,94498.44,576.67,0.00,0.00,0.00,0.00,0.00,0.00,0.00,0.00,Sim,
25.63,94593.45,584.52,0.00,0.00,0.00,0.00,0.00,0.00,0.00,0.00,Sim,
26.17,94676.43,576.16,0.00,0.00,0.00,0.00,0.00,0.00,0.00,0.00,Sim,
26.64,94750.12,568.85,0.00,0.00,0.00,0.00,0.00,0.00,0.00,0.00,Sim,
27.04,94815.05,562.37,0.00,0.00,0.00,0.00,0.00,0.00,0.00,0.00,Sim,
26.28,94696.48,556.67,0.00,0.00,0.00,0.00,0.00,0.00,0.00,0.00,Sim,
25.62,94593.91,567.09,0.00,0.00,0.00,0.00,0.00,0.00,0.00,0.00,Sim,
25.05,94504.09,576.11,0.00,0.00,0.00,0.00,0.00,0.00,0.00,0.00,Sim,
25.62,94590.32,580.47,0.00,0.00,0.00,0.00,0.00,0.00,0.00,0.00,Sim,
26.16,94674.27,572.61,0.00,0.00,0.00,0.00,0.00,0.00,0.00,0.00,Sim,
26.63,94747.60,565.71,0.00,0.00,0.00,0.00,0.00,0.00,0.00,0.00,Sim,
27.08,94812.20,559.66,0.00,0.00,0.00,0.00,0.00,0.00,0.00,0.00,Sim,
26.31,94701.03,556.29,0.00,0.00,0.00,0.00,0.00,0.00,0.00,0.00,Sim,
25.74,94611.22,566.69,0.00,0.00,0.00,0.00,0.00,0.00,0.00,0.00,Sim,
25.16,94519.11,574.59,0.00,0.00,0.00,0.00,0.00,0.00,0.00,0.00,Sim,
25.76,94611.31,582.70,0.00,0.00,0.00,0.00,0.00,0.00,0.00,0.00,Sim,
26.29,94692.38,574.58,0.00,0.00,0.00,0.00,0.00,0.00,0.00,0.00,Sim,
26.74,94763.86,567.45,0.00,0.00,0.00,0.00,0.00,0.00,0.00,0.00,Sim,
27.14,94827.15,561.17,0.00,0.00,0.00,0.00,0.00,0.00,0.00,0.00,Sim,
26.36,94707.14,555.61,0.00,0.00,0.00,0.00,0.00,0.00,0.00,0.00,Sim,
25.70,94603.91,566.15,0.00,0.00,0.00,0.00,0.00,0.00,0.00,0.00,Sim,
25.12,94513.63,575.24,0.00,0.00,0.00,0.00,0.00,0.00,0.00,0.00,Sim,
25.73,94606.42,583.18,0.00,0.00,0.00,0.00,0.00,0.00,0.00,0.00,Sim,
26.26,94688.28,571.30,0.00,0.00,0.00,0.00,0.00,0.00,0.00,0.00,Sim,
26.72,94760.78,564.55,0.00,0.00,0.00,0.00,0.00,0.00,0.00,0.00,Sim,
27.12,94824.26,558.59,0.00,0.00,0.00,0.00,0.00,0.00,0.00,0.00,Sim,
26.01,94707.43,561.33,0.00,0.00,0.00,0.00,0.00,0.00,0.00,0.00,Sim,
25.39,94556.91,570.87,0.00,0.00,0.00,0.00,0.00,0.00,0.00,0.00,Sim,
24.95,94485.48,579.37,0.00,0.00,0.00,0.00,0.00,0.00,0.00,0.00,Sim,
25.57,94582.21,585.66,0.00,0.00,0.00,0.00,0.00,0.00,0.00,0.00,Sim,
26.12,94667.09,577.15,0.00,0.00,0.00,0.00,0.00,0.00,0.00,0.00,Sim,
26.59,94742.31,569.67,0.00,0.00,0.00,0.00,0.00,0.00,0.00,0.00,Sim,
27.01,94808.31,563.06,0.00,0.00,0.00,0.00,0.00,0.00,0.00,0.00,Sim,
26.25,94691.77,557.26,0.00,0.00,0.00,0.00,0.00,0.00,0.00,0.00,Sim,
25.60,94590.00,567.50,0.00,0.00,0.00,0.00,0.00,0.00,0.00,0.00,Sim,
25.04,94501.55,576.46,0.00,0.00,0.00,0.00,0.00,0.00,0.00,0.00,Sim,
25.66,94596.52,584.25,0.00,0.00,0.00,0.00,0.00,0.00,0.00,0.00,Sim,
26.20,94679.83,575.89,0.00,0.00,0.00,0.00,0.00,0.00,0.00,0.00,Sim,
26.66,94753.17,568.55,0.00,0.00,0.00,0.00,0.00,0.00,0.00,0.00,Sim,
27.07,94816.77,559.22,0.00,0.00,0.00,0.00,0.00,0.00,0.00,0.00,Sim,
26.32,94701.20,561.93,0.00,0.00,0.00,0.00,0.00,0.00,0.00,0.00,Sim,
25.68,94601.63,571.36,0.00,0.00,0.00,0.00,0.00,0.00,0.00,0.00,Sim,
24.85,94470.33,579.54,0.00,0.00,0.00,0.00,0.00,0.00,0.00,0.00,Sim,
25.49,94568.67,587.00,0.00,0.00,0.00,0.00,0.00,0.00,0.00,0.00,Sim,
26.05,94655.52,578.34,0.00,0.00,0.00,0.00,0.00,0.00,0.00,0.00,Sim,
26.53,94731.46,570.69,0.00,0.00,0.00,0.00,0.00,0.00,0.00,0.00,Sim,
26.96,94798.91,564.01,0.00,0.00,0.00,0.00,0.00,0.00,0.00,0.00,Sim,
26.21,94683.00,558.09,0.00,0.00,0.00,0.00,0.00,0.00,0.00,0.00,Sim,
25.56,94582.49,568.28,0.00,0.00,0.00,0.00,0.00,0.00,0.00,0.00,Sim,
25.01,94494.28,577.12,0.00,0.00,0.00,0.00,0.00,0.00,0.00,0.00,Sim,
25.63,94589.86,584.89,0.00,0.00,0.00,0.00,0.00,0.00,0.00,0.00,Sim,
26.17,94673.75,576.47,0.00,0.00,0.00,0.00,0.00,0.00,0.00,0.00,Sim,
26.64,94747.49,569.09,0.00,0.00,0.00,0.00,0.00,0.00,0.00,0.00,Sim,
27.05,94812.42,559.69,0.00,0.00,0.00,0.00,0.00,0.00,0.00,0.00,Sim,
26.30,94696.86,562.30,0.00,0.00,0.00,0.00,0.00,0.00,0.00,0.00,Sim,
25.67,94598.89,571.71,0.00,0.00,0.00,0.00,0.00,0.00,0.00,0.00,Sim,
25.12,94512.03,579.77,0.00,0.00,0.00,0.00,0.00,0.00,0.00,0.00,Sim,
25.51,94570.11,586.88,0.00,0.00,0.00,0.00,0.00,0.00,0.00,0.00,Sim,
26.06,94656.35,578.21,0.00,0.00,0.00,0.00,0.00,0.00,0.00,0.00,Sim,
26.54,94732.20,570.62,0.00,0.00,0.00,0.00,0.00,0.00,0.00,0.00,Sim,
26.96,94799.42,563.95,0.00,0.00,0.00,0.00,0.00,0.00,0.00,0.00,Sim,
26.22,94684.43,558.04,0.00,0.00,0.00,0.00,0.00,0.00,0.00,0.00,Sim,
25.57,94583.69,568.15,0.00,0.00,0.00,0.00,0.00,0.00,0.00,0.00,Sim,
25.03,94497.28,577.01,0.00,0.00,0.00,0.00,0.00,0.00,0.00,0.00,Sim,
25.64,94591.89,584.62,0.00,0.00,0.00,0.00,0.00,0.00,0.00,0.00,Sim,
26.18,94675.78,576.29,0.00,0.00,0.00,0.00,0.00,0.00,0.00,0.00,Sim,
26.65,94749.44,568.91,0.00,0.00,0.00,0.00,0.00,0.00,0.00,0.00,Sim,
27.06,94814.37,559.48,0.00,0.00,0.00,0.00,0.00,0.00,0.00,0.00,Sim,
26.36,94706.80,562.11,0.00,0.00,0.00,0.00,0.00,0.00,0.00,0.00,Sim,
25.72,94606.56,570.87,0.00,0.00,0.00,0.00,0.00,0.00,0.00,0.00,Sim,
25.17,94520.80,579.12,0.00,0.00,0.00,0.00,0.00,0.00,0.00,0.00,Sim,
25.24,94529.48,586.20,0.00,0.00,0.00,0.00,0.00,0.00,0.00,0.00,Sim,
26.10,94661.98,577.67,0.00,0.00,0.00,0.00,0.00,0.00,0.00,0.00,Sim,
26.58,94737.27,570.12,0.00,0.00,0.00,0.00,0.00,0.00,0.00,0.00,Sim,
26.99,94804.42,563.50,0.00,0.00,0.00,0.00,0.00,0.00,0.00,0.00,Sim,
26.24,94688.52,557.60,0.00,0.00,0.00,0.00,0.00,0.00,0.00,0.00,Sim,
25.60,94587.44,567.79,0.00,0.00,0.00,0.00,0.00,0.00,0.00,0.00,Sim,
25.05,94501.02,576.68,0.00,0.00,0.00,0.00,0.00,0.00,0.00,0.00,Sim,
25.67,94595.98,584.30,0.00,0.00,0.00,0.00,0.00,0.00,0.00,0.00,Sim,
26.21,94679.06,575.93,0.00,0.00,0.00,0.00,0.00,0.00,0.00,0.00,Sim,
26.67,94752.15,568.62,0.00,0.00,0.00,0.00,0.00,0.00,0.00,0.00,Sim,
27.08,94816.52,562.20,0.00,0.00,0.00,0.00,0.00,0.00,0.00,0.00,Sim,
26.32,94699.48,561.90,0.00,0.00,0.00,0.00,0.00,0.00,0.00,0.00,Sim,
25.76,94613.02,571.45,0.00,0.00,0.00,0.00,0.00,0.00,0.00,0.00,Sim,
25.29,94538.27,578.54,0.00,0.00,0.00,0.00,0.00,0.00,0.00,0.00,Sim,
25.35,94544.95,584.75,0.00,0.00,0.00,0.00,0.00,0.00,0.00,0.00,Sim,
25.93,94634.50,576.36,0.00,0.00,0.00,0.00,0.00,0.00,0.00,0.00,Sim,
26.65,94749.01,568.98,0.00,0.00,0.00,0.00,0.00,0.00,0.00,0.00,Sim,
27.06,94814.54,562.47,0.00,0.00,0.00,0.00,0.00,0.00,0.00,0.00,Sim,
26.31,94698.23,556.71,0.00,0.00,0.00,0.00,0.00,0.00,0.00,0.00,Sim,
25.66,94597.08,566.94,0.00,0.00,0.00,0.00,0.00,0.00,0.00,0.00,Sim,
25.11,94509.13,575.84,0.00,0.00,0.00,0.00,0.00,0.00,0.00,0.00,Sim,
25.72,94602.69,583.58,0.00,0.00,0.00,0.00,0.00,0.00,0.00,0.00,Sim,
26.25,94685.38,575.34,0.00,0.00,0.00,0.00,0.00,0.00,0.00,0.00,Sim,
26.71,94757.84,568.07,0.00,0.00,0.00,0.00,0.00,0.00,0.00,0.00,Sim,
27.11,94821.57,561.70,0.00,0.00,0.00,0.00,0.00,0.00,0.00,0.00,Sim,
26.35,94703.91,556.10,0.00,0.00,0.00,0.00,0.00,0.00,0.00,0.00,Sim,
25.75,94610.77,571.08,0.00,0.00,0.00,0.00,0.00,0.00,0.00,0.00,Sim,
25.24,94530.96,578.70,0.00,0.00,0.00,0.00,0.00,0.00,0.00,0.00,Sim,
25.31,94538.84,585.36,0.00,0.00,0.00,0.00,0.00,0.00,0.00,0.00,Sim,
25.89,94628.82,576.86,0.00,0.00,0.00,0.00,0.00,0.00,0.00,0.00,Sim,
26.62,94744.01,569.43,0.00,0.00,0.00,0.00,0.00,0.00,0.00,0.00,Sim,
27.03,94810.34,562.91,0.00,0.00,0.00,0.00,0.00,0.00,0.00,0.00,Sim,
26.29,94694.26,557.08,0.00,0.00,0.00,0.00,0.00,0.00,0.00,0.00,Sim,
25.64,94593.61,567.29,0.00,0.00,0.00,0.00,0.00,0.00,0.00,0.00,Sim,
25.09,94506.41,576.14,0.00,0.00,0.00,0.00,0.00,0.00,0.00,0.00,Sim,
25.71,94600.41,583.82,0.00,0.00,0.00,0.00,0.00,0.00,0.00,0.00,Sim,
26.24,94683.44,575.54,0.00,0.00,0.00,0.00,0.00,0.00,0.00,0.00,Sim,
26.70,94755.95,568.24,0.00,0.00,0.00,0.00,0.00,0.00,0.00,0.00,Sim,
27.11,94820.08,561.86,0.00,0.00,0.00,0.00,0.00,0.00,0.00,0.00,Sim,
26.34,94702.31,556.23,0.00,0.00,0.00,0.00,0.00,0.00,0.00,0.00,Sim,
25.73,94605.59,571.24,0.00,0.00,0.00,0.00,0.00,0.00,0.00,0.00,Sim,
25.16,94516.95,579.12,0.00,0.00,0.00,0.00,0.00,0.00,0.00,0.00,Sim,
25.24,94526.69,586.50,0.00,0.00,0.00,0.00,0.00,0.00,0.00,0.00,Sim,
25.83,94617.86,577.91,0.00,0.00,0.00,0.00,0.00,0.00,0.00,0.00,Sim,
26.57,94735.14,570.34,0.00,0.00,0.00,0.00,0.00,0.00,0.00,0.00,Sim,
26.99,94802.30,563.69,0.00,0.00,0.00,0.00,0.00,0.00,0.00,0.00,Sim,
26.25,94687.83,557.79,0.00,0.00,0.00,0.00,0.00,0.00,0.00,0.00,Sim,
25.62,94588.78,567.85,0.00,0.00,0.00,0.00,0.00,0.00,0.00,0.00,Sim,
25.08,94502.42,576.57,0.00,0.00,0.00,0.00,0.00,0.00,0.00,0.00,Sim,
25.69,94596.61,584.17,0.00,0.00,0.00,0.00,0.00,0.00,0.00,0.00,Sim,
26.23,94679.52,575.88,0.00,0.00,0.00,0.00,0.00,0.00,0.00,0.00,Sim,
26.69,94752.63,568.58,0.00,0.00,0.00,0.00,0.00,0.00,0.00,0.00,Sim,
27.10,94816.56,562.15,0.00,0.00,0.00,0.00,0.00,0.00,0.00,0.00,Sim,
26.34,94699.41,556.53,0.00,0.00,0.00,0.00,0.00,0.00,0.00,0.00,Sim,
25.69,94598.60,566.83,0.00,0.00,0.00,0.00,0.00,0.00,0.00,0.00,Sim,
25.14,94510.84,575.70,0.00,0.00,0.00,0.00,0.00,0.00,0.00,0.00,Sim,
25.21,94520.55,583.56,0.00,0.00,0.00,0.00,0.00,0.00,0.00,0.00,Sim,
25.81,94613.06,578.35,0.00,0.00,0.00,0.00,0.00,0.00,0.00,0.00,Sim,
26.56,94731.34,570.75,0.00,0.00,0.00,0.00,0.00,0.00,0.00,0.00,Sim,
26.98,94799.08,564.02,0.00,0.00,0.00,0.00,0.00,0.00,0.00,0.00,Sim,
26.24,94685.38,558.07,0.00,0.00,0.00,0.00,0.00,0.00,0.00,0.00,Sim,
25.61,94586.50,568.07,0.00,0.00,0.00,0.00,0.00,0.00,0.00,0.00,Sim,
25.07,94500.45,576.77,0.00,0.00,0.00,0.00,0.00,0.00,0.00,0.00,Sim,
25.68,94595.58,584.34,0.00,0.00,0.00,0.00,0.00,0.00,0.00,0.00,Sim,
26.22,94679.00,575.97,0.00,0.00,0.00,0.00,0.00,0.00,0.00,0.00,Sim,
26.68,94752.13,568.63,0.00,0.00,0.00,0.00,0.00,0.00,0.00,0.00,Sim,
27.09,94816.45,562.20,0.00,0.00,0.00,0.00,0.00,0.00,0.00,0.00,Sim,
26.34,94700.48,556.54,0.00,0.00,0.00,0.00,0.00,0.00,0.00,0.00,Sim,
25.70,94600.31,566.74,0.00,0.00,0.00,0.00,0.00,0.00,0.00,0.00,Sim,
25.14,94512.56,575.55,0.00,0.00,0.00,0.00,0.00,0.00,0.00,0.00,Sim,
25.69,94595.30,583.28,0.00,0.00,0.00,0.00,0.00,0.00,0.00,0.00,Sim,
26.22,94678.61,572.19,0.00,0.00,0.00,0.00,0.00,0.00,0.00,0.00,Sim,
26.69,94751.55,565.33,0.00,0.00,0.00,0.00,0.00,0.00,0.00,0.00,Sim,
27.28,94846.64,559.33,0.00,0.00,0.00,0.00,0.00,0.00,0.00,0.00,Sim,
26.60,94741.58,553.89,0.00,0.00,0.00,0.00,0.00,0.00,0.00,0.00,Sim,
25.96,94641.84,563.13,0.00,0.00,0.00,0.00,0.00,0.00,0.00,0.00,Sim,
25.38,94549.61,571.90,0.00,0.00,0.00,0.00,0.00,0.00,0.00,0.00,Sim,
25.96,94638.30,580.01,0.00,0.00,0.00,0.00,0.00,0.00,0.00,0.00,Sim,
26.46,94716.72,572.21,0.00,0.00,0.00,0.00,0.00,0.00,0.00,0.00,Sim,
26.90,94785.41,565.31,0.00,0.00,0.00,0.00,0.00,0.00,0.00,0.00,Sim,
27.28,94845.39,559.27,0.00,0.00,0.00,0.00,0.00,0.00,0.00,0.00,Sim,
26.50,94725.95,554.00,0.00,0.00,0.00,0.00,0.00,0.00,0.00,0.00,Sim,
25.84,94622.36,564.50,0.00,0.00,0.00,0.00,0.00,0.00,0.00,0.00,Sim,
25.27,94532.08,573.61,0.00,0.00,0.00,0.00,0.00,0.00,0.00,0.00,Sim,
25.86,94622.68,581.56,0.00,0.00,0.00,0.00,0.00,0.00,0.00,0.00,Sim,
26.38,94702.74,569.94,0.00,0.00,0.00,0.00,0.00,0.00,0.00,0.00,Sim,
26.83,94773.44,563.33,0.00,0.00,0.00,0.00,0.00,0.00,0.00,0.00,Sim,
27.39,94864.11,557.55,0.00,0.00,0.00,0.00,0.00,0.00,0.00,0.00,Sim,
26.69,94755.89,552.36,0.00,0.00,0.00,0.00,0.00,0.00,0.00,0.00,Sim,
26.09,94661.81,561.87,0.00,0.00,0.00,0.00,0.00,0.00,0.00,0.00,Sim,
25.57,94579.41,570.14,0.00,0.00,0.00,0.00,0.00,0.00,0.00,0.00,Sim,
26.13,94664.18,577.39,0.00,0.00,0.00,0.00,0.00,0.00,0.00,0.00,Sim,
26.61,94739.23,569.93,0.00,0.00,0.00,0.00,0.00,0.00,0.00,0.00,Sim,
27.03,94805.25,563.33,0.00,0.00,0.00,0.00,0.00,0.00,0.00,0.00,Sim,
27.39,94863.37,557.53,0.00,0.00,0.00,0.00,0.00,0.00,0.00,0.00,Sim,
26.61,94742.20,552.42,0.00,0.00,0.00,0.00,0.00,0.00,0.00,0.00,Sim,
25.94,94636.64,563.07,0.00,0.00,0.00,0.00,0.00,0.00,0.00,0.00,Sim,
25.35,94543.98,572.35,0.00,0.00,0.00,0.00,0.00,0.00,0.00,0.00,Sim,
25.94,94633.13,580.51,0.00,0.00,0.00,0.00,0.00,0.00,0.00,0.00,Sim,
26.44,94712.03,572.66,0.00,0.00,0.00,0.00,0.00,0.00,0.00,0.00,Sim,
26.88,94781.09,562.59,0.00,0.00,0.00,0.00,0.00,0.00,0.00,0.00,Sim,
27.44,94870.41,556.91,0.00,0.00,0.00,0.00,0.00,0.00,0.00,0.00,Sim,
26.74,94761.70,551.81,0.00,0.00,0.00,0.00,0.00,0.00,0.00,0.00,Sim,
26.13,94667.44,561.36,0.00,0.00,0.00,0.00,0.00,0.00,0.00,0.00,Sim,
25.62,94585.24,569.64,0.00,0.00,0.00,0.00,0.00,0.00,0.00,0.00,Sim,
26.17,94669.92,576.88,0.00,0.00,0.00,0.00,0.00,0.00,0.00,0.00,Sim,
26.65,94744.17,569.43,0.00,0.00,0.00,0.00,0.00,0.00,0.00,0.00,Sim,
27.06,94809.39,562.90,0.00,0.00,0.00,0.00,0.00,0.00,0.00,0.00,Sim,
27.42,94867.28,557.17,0.00,0.00,0.00,0.00,0.00,0.00,0.00,0.00,Sim,
26.64,94745.83,552.08,0.00,0.00,0.00,0.00,0.00,0.00,0.00,0.00,Sim,
25.96,94640.41,562.75,0.00,0.00,0.00,0.00,0.00,0.00,0.00,0.00,Sim,
25.37,94546.73,572.02,0.00,0.00,0.00,0.00,0.00,0.00,0.00,0.00,Sim,
25.95,94635.73,580.27,0.00,0.00,0.00,0.00,0.00,0.00,0.00,0.00,Sim,
26.46,94714.03,572.43,0.00,0.00,0.00,0.00,0.00,0.00,0.00,0.00,Sim,
26.90,94782.95,562.42,0.00,0.00,0.00,0.00,0.00,0.00,0.00,0.00,Sim,
27.28,94843.33,556.77,0.00,0.00,0.00,0.00,0.00,0.00,0.00,0.00,Sim,
26.60,94739.58,558.47,0.00,0.00,0.00,0.00,0.00,0.00,0.00,0.00,Sim,
25.95,94637.39,568.09,0.00,0.00,0.00,0.00,0.00,0.00,0.00,0.00,Sim,
25.11,94547.16,576.52,0.00,0.00,0.00,0.00,0.00,0.00,0.00,0.00,Sim,
25.73,94598.75,583.98,0.00,0.00,0.00,0.00,0.00,0.00,0.00,0.00,Sim,
26.26,94681.61,575.69,0.00,0.00,0.00,0.00,0.00,0.00,0.00,0.00,Sim,
26.72,94754.32,568.40,0.00,0.00,0.00,0.00,0.00,0.00,0.00,0.00,Sim,
27.12,94818.59,562.00,0.00,0.00,0.00,0.00,0.00,0.00,0.00,0.00,Sim,
26.38,94703.26,556.36,0.00,0.00,0.00,0.00,0.00,0.00,0.00,0.00,Sim,
25.74,94602.78,566.49,0.00,0.00,0.00,0.00,0.00,0.00,0.00,0.00,Sim,
25.18,94514.59,575.33,0.00,0.00,0.00,0.00,0.00,0.00,0.00,0.00,Sim,
25.78,94607.48,583.10,0.00,0.00,0.00,0.00,0.00,0.00,0.00,0.00,Sim,
26.31,94689.20,574.92,0.00,0.00,0.00,0.00,0.00,0.00,0.00,0.00,Sim,
26.77,94760.70,564.49,0.00,0.00,0.00,0.00,0.00,0.00,0.00,0.00,Sim,
27.17,94824.06,558.56,0.00,0.00,0.00,0.00,0.00,0.00,0.00,0.00,Sim,
26.43,94711.60,561.19,0.00,0.00,0.00,0.00,0.00,0.00,0.00,0.00,Sim,
25.80,94613.45,570.42,0.00,0.00,0.00,0.00,0.00,0.00,0.00,0.00,Sim,
24.99,94525.72,578.50,0.00,0.00,0.00,0.00,0.00,0.00,0.00,0.00,Sim,
25.62,94581.66,585.70,0.00,0.00,0.00,0.00,0.00,0.00,0.00,0.00,Sim,
26.17,94666.33,577.19,0.00,0.00,0.00,0.00,0.00,0.00,0.00,0.00,Sim,
26.64,94740.80,569.74,0.00,0.00,0.00,0.00,0.00,0.00,0.00,0.00,Sim,
27.05,94806.36,563.19,0.00,0.00,0.00,0.00,0.00,0.00,0.00,0.00,Sim,
26.32,94692.41,557.43,0.00,0.00,0.00,0.00,0.00,0.00,0.00,0.00,Sim,
25.68,94592.78,567.45,0.00,0.00,0.00,0.00,0.00,0.00,0.00,0.00,Sim,
25.13,94504.97,576.21,0.00,0.00,0.00,0.00,0.00,0.00,0.00,0.00,Sim,
25.13,94504.97,583.95,0.00,0.00,0.00,0.00,0.00,0.00,0.00,0.00,Sim,
26.02,94598.44,579.70,0.00,0.00,0.00,0.00,0.00,0.00,0.00,0.00,Sim,
26.51,94718.30,571.97,0.00,0.00,0.00,0.00,0.00,0.00,0.00,0.00,Sim,
26.94,94786.47,565.17,0.00,0.00,0.00,0.00,0.00,0.00,0.00,0.00,Sim,
27.32,94846.90,559.18,0.00,0.00,0.00,0.00,0.00,0.00,0.00,0.00,Sim,
26.55,94728.48,553.87,0.00,0.00,0.00,0.00,0.00,0.00,0.00,0.00,Sim,
25.89,94623.97,564.28,0.00,0.00,0.00,0.00,0.00,0.00,0.00,0.00,Sim,
25.31,94532.52,573.47,0.00,0.00,0.00,0.00,0.00,0.00,0.00,0.00,Sim,
25.90,94623.45,581.52,0.00,0.00,0.00,0.00,0.00,0.00,0.00,0.00,Sim,
26.41,94702.89,573.51,0.00,0.00,0.00,0.00,0.00,0.00,0.00,0.00,Sim,
26.86,94773.21,566.53,0.00,0.00,0.00,0.00,0.00,0.00,0.00,0.00,Sim,
27.25,94834.95,560.34,0.00,0.00,0.00,0.00,0.00,0.00,0.00,0.00,Sim,
26.49,94717.48,554.92,0.00,0.00,0.00,0.00,0.00,0.00,0.00,0.00,Sim,
25.85,94618.75,569.93,0.00,0.00,0.00,0.00,0.00,0.00,0.00,0.00,Sim,
25.29,94529.49,578.05,0.00,0.00,0.00,0.00,0.00,0.00,0.00,0.00,Sim,
25.66,94584.14,585.44,0.00,0.00,0.00,0.00,0.00,0.00,0.00,0.00,Sim,
26.20,94668.02,576.97,0.00,0.00,0.00,0.00,0.00,0.00,0.00,0.00,Sim,
26.67,94742.49,569.59,0.00,0.00,0.00,0.00,0.00,0.00,0.00,0.00,Sim,
27.08,94807.77,563.04,0.00,0.00,0.00,0.00,0.00,0.00,0.00,0.00,Sim,
26.34,94693.63,557.31,0.00,0.00,0.00,0.00,0.00,0.00,0.00,0.00,Sim,
25.70,94593.55,567.34,0.00,0.00,0.00,0.00,0.00,0.00,0.00,0.00,Sim,
25.15,94506.11,576.15,0.00,0.00,0.00,0.00,0.00,0.00,0.00,0.00,Sim,
25.76,94599.64,583.85,0.00,0.00,0.00,0.00,0.00,0.00,0.00,0.00,Sim,
26.29,94682.15,575.61,0.00,0.00,0.00,0.00,0.00,0.00,0.00,0.00,Sim,
26.75,94754.47,568.35,0.00,0.00,0.00,0.00,0.00,0.00,0.00,0.00,Sim,
27.15,94818.20,561.99,0.00,0.00,0.00,0.00,0.00,0.00,0.00,0.00,Sim,
26.43,94707.38,561.64,0.00,0.00,0.00,0.00,0.00,0.00,0.00,0.00,Sim,
25.87,94620.74,570.79,0.00,0.00,0.00,0.00,0.00,0.00,0.00,0.00,Sim,
25.31,94532.23,577.88,0.00,0.00,0.00,0.00,0.00,0.00,0.00,0.00,Sim,
25.67,94586.28,585.23,0.00,0.00,0.00,0.00,0.00,0.00,0.00,0.00,Sim,
26.21,94670.33,576.79,0.00,0.00,0.00,0.00,0.00,0.00,0.00,0.00,Sim,
26.68,94744.01,569.39,0.00,0.00,0.00,0.00,0.00,0.00,0.00,0.00,Sim,
27.09,94809.94,562.91,0.00,0.00,0.00,0.00,0.00,0.00,0.00,0.00,Sim,
26.35,94695.00,557.12,0.00,0.00,0.00,0.00,0.00,0.00,0.00,0.00,Sim,
25.71,94595.33,567.22,0.00,0.00,0.00,0.00,0.00,0.00,0.00,0.00,Sim,
25.16,94507.94,575.99,0.00,0.00,0.00,0.00,0.00,0.00,0.00,0.00,Sim,
25.77,94601.84,583.69,0.00,0.00,0.00,0.00,0.00,0.00,0.00,0.00,Sim,
26.30,94684.13,575.42,0.00,0.00,0.00,0.00,0.00,0.00,0.00,0.00,Sim,
26.76,94756.58,568.18,0.00,0.00,0.00,0.00,0.00,0.00,0.00,0.00,Sim,
27.16,94820.52,561.81,0.00,0.00,0.00,0.00,0.00,0.00,0.00,0.00,Sim,
26.41,94704.66,556.05,0.00,0.00,0.00,0.00,0.00,0.00,0.00,0.00,Sim,
25.85,94617.17,570.97,0.00,0.00,0.00,0.00,0.00,0.00,0.00,0.00,Sim,
25.29,94529.16,578.14,0.00,0.00,0.00,0.00,0.00,0.00,0.00,0.00,Sim,
25.66,94584.20,585.47,0.00,0.00,0.00,0.00,0.00,0.00,0.00,0.00,Sim,
26.20,94668.58,576.97,0.00,0.00,0.00,0.00,0.00,0.00,0.00,0.00,Sim,
26.67,94743.23,569.54,0.00,0.00,0.00,0.00,0.00,0.00,0.00,0.00,Sim,
27.08,94809.25,562.98,0.00,0.00,0.00,0.00,0.00,0.00,0.00,0.00,Sim,
26.34,94694.15,557.18,0.00,0.00,0.00,0.00,0.00,0.00,0.00,0.00,Sim,
25.71,94594.70,567.30,0.00,0.00,0.00,0.00,0.00,0.00,0.00,0.00,Sim,
25.15,94507.48,576.05,0.00,0.00,0.00,0.00,0.00,0.00,0.00,0.00,Sim,
25.76,94601.05,583.73,0.00,0.00,0.00,0.00,0.00,0.00,0.00,0.00,Sim,
26.30,94683.38,575.49,0.00,0.00,0.00,0.00,0.00,0.00,0.00,0.00,Sim,
26.76,94755.49,568.24,0.00,0.00,0.00,0.00,0.00,0.00,0.00,0.00,Sim,
27.16,94818.91,561.90,0.00,0.00,0.00,0.00,0.00,0.00,0.00,0.00,Sim,
26.43,94705.95,561.62,0.00,0.00,0.00,0.00,0.00,0.00,0.00,0.00,Sim,
25.89,94621.75,570.88,0.00,0.00,0.00,0.00,0.00,0.00,0.00,0.00,Sim,
25.38,94541.00,577.82,0.00,0.00,0.00,0.00,0.00,0.00,0.00,0.00,Sim,
25.43,94547.45,584.49,0.00,0.00,0.00,0.00,0.00,0.00,0.00,0.00,Sim,
26.27,94676.33,576.17,0.00,0.00,0.00,0.00,0.00,0.00,0.00,0.00,Sim,
26.73,94749.34,568.86,0.00,0.00,0.00,0.00,0.00,0.00,0.00,0.00,Sim,
27.13,94814.73,562.44,0.00,0.00,0.00,0.00,0.00,0.00,0.00,0.00,Sim,
26.39,94699.80,556.70,0.00,0.00,0.00,0.00,0.00,0.00,0.00,0.00,Sim,
25.75,94599.13,566.80,0.00,0.00,0.00,0.00,0.00,0.00,0.00,0.00,Sim,
25.19,94511.38,575.66,0.00,0.00,0.00,0.00,0.00,0.00,0.00,0.00,Sim,
25.80,94604.67,583.38,0.00,0.00,0.00,0.00,0.00,0.00,0.00,0.00,Sim,
26.33,94686.89,575.17,0.00,0.00,0.00,0.00,0.00,0.00,0.00,0.00,Sim,
26.79,94758.95,567.93,0.00,0.00,0.00,0.00,0.00,0.00,0.00,0.00,Sim,
27.19,94822.45,561.60,0.00,0.00,0.00,0.00,0.00,0.00,0.00,0.00,Sim,
26.49,94715.66,561.33,0.00,0.00,0.00,0.00,0.00,0.00,0.00,0.00,Sim,
25.90,94623.91,570.03,0.00,0.00,0.00,0.00,0.00,0.00,0.00,0.00,Sim,
25.34,94535.23,577.57,0.00,0.00,0.00,0.00,0.00,0.00,0.00,0.00,Sim,
25.70,94589.11,584.93,0.00,0.00,0.00,0.00,0.00,0.00,0.00,0.00,Sim,
26.24,94672.92,576.54,0.00,0.00,0.00,0.00,0.00,0.00,0.00,0.00,Sim,
26.70,94746.75,569.16,0.00,0.00,0.00,0.00,0.00,0.00,0.00,0.00,Sim,
27.11,94812.71,562.67,0.00,0.00,0.00,0.00,0.00,0.00,0.00,0.00,Sim,
26.37,94698.17,556.87,0.00,0.00,0.00,0.00,0.00,0.00,0.00,0.00,Sim,
25.74,94598.50,566.94,0.00,0.00,0.00,0.00,0.00,0.00,0.00,0.00,Sim,
25.19,94511.69,575.71,0.00,0.00,0.00,0.00,0.00,0.00,0.00,0.00,Sim,
25.79,94605.35,583.35,0.00,0.00,0.00,0.00,0.00,0.00,0.00,0.00,Sim,
26.32,94687.38,575.11,0.00,0.00,0.00,0.00,0.00,0.00,0.00,0.00,Sim,
26.78,94759.87,567.89,0.00,0.00,0.00,0.00,0.00,0.00,0.00,0.00,Sim,
27.18,94823.20,561.52,0.00,0.00,0.00,0.00,0.00,0.00,0.00,0.00,Sim,
26.43,94706.98,555.82,0.00,0.00,0.00,0.00,0.00,0.00,0.00,0.00,Sim,
25.85,94617.72,570.71,0.00,0.00,0.00,0.00,0.00,0.00,0.00,0.00,Sim,
25.30,94530.23,578.06,0.00,0.00,0.00,0.00,0.00,0.00,0.00,0.00,Sim,
25.67,94537.83,585.39,0.00,0.00,0.00,0.00,0.00,0.00,0.00,0.00,Sim,
26.21,94670.10,576.87,0.00,0.00,0.00,0.00,0.00,0.00,0.00,0.00,Sim,
26.68,94744.35,569.41,0.00,0.00,0.00,0.00,0.00,0.00,0.00,0.00,Sim,
27.09,94810.67,562.88,0.00,0.00,0.00,0.00,0.00,0.00,0.00,0.00,Sim,
26.35,94696.41,557.05,0.00,0.00,0.00,0.00,0.00,0.00,0.00,0.00,Sim,
25.72,94596.92,567.10,0.00,0.00,0.00,0.00,0.00,0.00,0.00,0.00,Sim,
25.18,94510.77,575.85,0.00,0.00,0.00,0.00,0.00,0.00,0.00,0.00,Sim,
25.78,94603.89,583.44,0.00,0.00,0.00,0.00,0.00,0.00,0.00,0.00,Sim,
26.31,94686.18,575.24,0.00,0.00,0.00,0.00,0.00,0.00,0.00,0.00,Sim,
26.78,94759.06,568.00,0.00,0.00,0.00,0.00,0.00,0.00,0.00,0.00,Sim,
27.18,94822.63,561.59,0.00,0.00,0.00,0.00,0.00,0.00,0.00,0.00,Sim,
26.48,94716.00,561.27,0.00,0.00,0.00,0.00,0.00,0.00,0.00,0.00,Sim,
25.93,94629.14,570.00,0.00,0.00,0.00,0.00,0.00,0.00,0.00,0.00,Sim,
25.63,94582.45,577.12,0.00,0.00,0.00,0.00,0.00,0.00,0.00,0.00,Sim,
25.11,94499.27,577.12,0.00,0.00,0.00,0.00,0.00,0.00,0.00,0.00,Sim,
25.73,94594.36,584.45,0.00,0.00,0.00,0.00,0.00,0.00,0.00,0.00,Sim,
26.26,94677.44,576.08,0.00,0.00,0.00,0.00,0.00,0.00,0.00,0.00,Sim,
26.73,94750.95,568.77,0.00,0.00,0.00,0.00,0.00,0.00,0.00,0.00,Sim,
27.14,94815.31,562.30,0.00,0.00,0.00,0.00,0.00,0.00,0.00,0.00,Sim,
26.39,94700.32,556.64,0.00,0.00,0.00,0.00,0.00,0.00,0.00,0.00,Sim,
25.75,94600.16,566.75,0.00,0.00,0.00,0.00,0.00,0.00,0.00,0.00,Sim,
25.29,94527.44,579.58,0.00,0.00,0.00,0.00,0.00,0.00,0.00,0.00,Sim,
25.37,94537.38,585.47,0.00,0.00,0.00,0.00,0.00,0.00,0.00,0.00,Sim,
25.95,94627.52,577.03,0.00,0.00,0.00,0.00,0.00,0.00,0.00,0.00,Sim,
26.68,94742.87,569.53,0.00,0.00,0.00,0.00,0.00,0.00,0.00,0.00,Sim,
27.10,94809.02,563.01,0.00,0.00,0.00,0.00,0.00,0.00,0.00,0.00,Sim,
26.36,94694.64,557.20,0.00,0.00,0.00,0.00,0.00,0.00,0.00,0.00,Sim,
25.73,94595.16,567.25,0.00,0.00,0.00,0.00,0.00,0.00,0.00,0.00,Sim,
25.18,94509.40,576.01,0.00,0.00,0.00,0.00,0.00,0.00,0.00,0.00,Sim,
25.79,94602.73,583.56,0.00,0.00,0.00,0.00,0.00,0.00,0.00,0.00,Sim,
26.32,94684.64,575.34,0.00,0.00,0.00,0.00,0.00,0.00,0.00,0.00,Sim,
26.78,94756.95,568.13,0.00,0.00,0.00,0.00,0.00,0.00,0.00,0.00,Sim,
27.18,94820.52,561.77,0.00,0.00,0.00,0.00,0.00,0.00,0.00,0.00,Sim,
26.43,94704.52,556.19,0.00,0.00,0.00,0.00,0.00,0.00,0.00,0.00,Sim,
25.80,94605.98,570.94,0.00,0.00,0.00,0.00,0.00,0.00,0.00,0.00,Sim,
25.35,94534.81,579.02,0.00,0.00,0.00,0.00,0.00,0.00,0.00,0.00,Sim,
25.42,94543.26,584.95,0.00,0.00,0.00,0.00,0.00,0.00,0.00,0.00,Sim,
25.99,94632.74,576.53,0.00,0.00,0.00,0.00,0.00,0.00,0.00,0.00,Sim,
26.72,94746.89,569.10,0.00,0.00,0.00,0.00,0.00,0.00,0.00,0.00,Sim,
27.13,94812.48,562.66,0.00,0.00,0.00,0.00,0.00,0.00,0.00,0.00,Sim,
26.39,94698.55,556.89,0.00,0.00,0.00,0.00,0.00,0.00,0.00,0.00,Sim,
25.75,94599.24,566.91,0.00,0.00,0.00,0.00,0.00,0.00,0.00,0.00,Sim,
25.21,94513.09,575.65,0.00,0.00,0.00,0.00,0.00,0.00,0.00,0.00,Sim,
25.81,94606.16,583.23,0.00,0.00,0.00,0.00,0.00,0.00,0.00,0.00,Sim,
26.34,94688.03,575.04,0.00,0.00,0.00,0.00,0.00,0.00,0.00,0.00,Sim,
26.80,94759.92,567.83,0.00,0.00,0.00,0.00,0.00,0.00,0.00,0.00,Sim,
27.20,94823.45,561.51,0.00,0.00,0.00,0.00,0.00,0.00,0.00,0.00,Sim,
26.45,94707.47,555.81,0.00,0.00,0.00,0.00,0.00,0.00,0.00,0.00,Sim,
25.86,94616.58,570.68,0.00,0.00,0.00,0.00,0.00,0.00,0.00,0.00,Sim,
25.42,94546.56,578.19,0.00,0.00,0.00,0.00,0.00,0.00,0.00,0.00,Sim,
25.48,94553.25,583.98,0.00,0.00,0.00,0.00,0.00,0.00,0.00,0.00,Sim,
26.30,94641.59,575.70,0.00,0.00,0.00,0.00,0.00,0.00,0.00,0.00,Sim,
26.77,94754.86,568.38,0.00,0.00,0.00,0.00,0.00,0.00,0.00,0.00,Sim,
27.17,94819.31,561.96,0.00,0.00,0.00,0.00,0.00,0.00,0.00,0.00,Sim,
26.43,94704.75,556.29,0.00,0.00,0.00,0.00,0.00,0.00,0.00,0.00,Sim,
25.79,94604.72,566.36,0.00,0.00,0.00,0.00,0.00,0.00,0.00,0.00,Sim,
25.24,94518.53,575.16,0.00,0.00,0.00,0.00,0.00,0.00,0.00,0.00,Sim,
25.85,94611.09,582.75,0.00,0.00,0.00,0.00,0.00,0.00,0.00,0.00,Sim,
26.37,94692.52,574.60,0.00,0.00,0.00,0.00,0.00,0.00,0.00,0.00,Sim,
26.83,94764.01,567.44,0.00,0.00,0.00,0.00,0.00,0.00,0.00,0.00,Sim,
27.22,94826.80,558.31,0.00,0.00,0.00,0.00,0.00,0.00,0.00,0.00,Sim,
26.62,94733.18,560.40,0.00,0.00,0.00,0.00,0.00,0.00,0.00,0.00,Sim,
26.04,94643.88,568.05,0.00,0.00,0.00,0.00,0.00,0.00,0.00,0.00,Sim,
25.56,94568.06,575.26,0.00,0.00,0.00,0.00,0.00,0.00,0.00,0.00,Sim,
25.64,94578.89,581.60,0.00,0.00,0.00,0.00,0.00,0.00,0.00,0.00,Sim,
26.44,94702.81,573.57,0.00,0.00,0.00,0.00,0.00,0.00,0.00,0.00,Sim,
26.88,94773.04,566.53,0.00,0.00,0.00,0.00,0.00,0.00,0.00,0.00,Sim,
27.27,94835.12,560.36,0.00,0.00,0.00,0.00,0.00,0.00,0.00,0.00,Sim,
26.60,94731.30,554.90,0.00,0.00,0.00,0.00,0.00,0.00,0.00,0.00,Sim,
26.02,94641.05,564.03,0.00,0.00,0.00,0.00,0.00,0.00,0.00,0.00,Sim,
25.53,94563.07,571.97,0.00,0.00,0.00,0.00,0.00,0.00,0.00,0.00,Sim,
26.10,94649.82,578.83,0.00,0.00,0.00,0.00,0.00,0.00,0.00,0.00,Sim,
26.59,94726.33,571.19,0.00,0.00,0.00,0.00,0.00,0.00,0.00,0.00,Sim,
27.02,94793.76,564.47,0.00,0.00,0.00,0.00,0.00,0.00,0.00,0.00,Sim,
27.39,94853.24,555.83,0.00,0.00,0.00,0.00,0.00,0.00,0.00,0.00,Sim,
26.72,94749.69,558.15,0.00,0.00,0.00,0.00,0.00,0.00,0.00,0.00,Sim,
26.14,94659.16,566.65,0.00,0.00,0.00,0.00,0.00,0.00,0.00,0.00,Sim,
25.42,94581.40,574.03,0.00,0.00,0.00,0.00,0.00,0.00,0.00,0.00,Sim,
26.00,94634.20,580.46,0.00,0.00,0.00,0.00,0.00,0.00,0.00,0.00,Sim,
26.51,94712.81,572.57,0.00,0.00,0.00,0.00,0.00,0.00,0.00,0.00,Sim,
26.94,94781.27,565.65,0.00,0.00,0.00,0.00,0.00,0.00,0.00,0.00,Sim,
27.33,94842.38,559.64,0.00,0.00,0.00,0.00,0.00,0.00,0.00,0.00,Sim,
26.65,94737.32,554.27,0.00,0.00,0.00,0.00,0.00,0.00,0.00,0.00,Sim,
26.07,94646.70,563.50,0.00,0.00,0.00,0.00,0.00,0.00,0.00,0.00,Sim,
25.57,94568.13,571.47,0.00,0.00,0.00,0.00,0.00,0.00,0.00,0.00,Sim,
26.14,94654.65,578.38,0.00,0.00,0.00,0.00,0.00,0.00,0.00,0.00,Sim,
26.63,94730.70,570.77,0.00,0.00,0.00,0.00,0.00,0.00,0.00,0.00,Sim,
27.05,94797.33,561.06,0.00,0.00,0.00,0.00,0.00,0.00,0.00,0.00,Sim,
27.57,94880.41,555.56,0.00,0.00,0.00,0.00,0.00,0.00,0.00,0.00,Sim,
26.88,94774.41,550.93,0.00,0.00,0.00,0.00,0.00,0.00,0.00,0.00,Sim,
26.28,94679.92,560.24,0.00,0.00,0.00,0.00,0.00,0.00,0.00,0.00,Sim,
25.76,94597.56,568.55,0.00,0.00,0.00,0.00,0.00,0.00,0.00,0.00,Sim,
26.30,94680.41,575.79,0.00,0.00,0.00,0.00,0.00,0.00,0.00,0.00,Sim,
26.77,94753.38,568.50,0.00,0.00,0.00,0.00,0.00,0.00,0.00,0.00,Sim,
27.18,94817.83,562.09,0.00,0.00,0.00,0.00,0.00,0.00,0.00,0.00,Sim,
27.53,94874.31,556.42,0.00,0.00,0.00,0.00,0.00,0.00,0.00,0.00,Sim,
26.83,94765.72,551.46,0.00,0.00,0.00,0.00,0.00,0.00,0.00,0.00,Sim,
26.23,94672.21,561.00,0.00,0.00,0.00,0.00,0.00,0.00,0.00,0.00,Sim,
25.71,94590.59,569.22,0.00,0.00,0.00,0.00,0.00,0.00,0.00,0.00,Sim,
25.87,94612.75,578.37,0.00,0.00,0.00,0.00,0.00,0.00,0.00,0.00,Sim,
26.39,94694.04,570.78,0.00,0.00,0.00,0.00,0.00,0.00,0.00,0.00,Sim,
27.05,94797.50,564.06,0.00,0.00,0.00,0.00,0.00,0.00,0.00,0.00,Sim,
27.42,94857.27,558.21,0.00,0.00,0.00,0.00,0.00,0.00,0.00,0.00,Sim,
26.74,94751.86,552.96,0.00,0.00,0.00,0.00,0.00,0.00,0.00,0.00,Sim,
26.16,94661.02,562.22,0.00,0.00,0.00,0.00,0.00,0.00,0.00,0.00,Sim,
25.66,94581.40,570.21,0.00,0.00,0.00,0.00,0.00,0.00,0.00,0.00,Sim,
26.21,94666.50,577.22,0.00,0.00,0.00,0.00,0.00,0.00,0.00,0.00,Sim,
26.69,94740.98,569.73,0.00,0.00,0.00,0.00,0.00,0.00,0.00,0.00,Sim,
27.11,94806.42,563.18,0.00,0.00,0.00,0.00,0.00,0.00,0.00,0.00,Sim,
27.47,94864.13,557.43,0.00,0.00,0.00,0.00,0.00,0.00,0.00,0.00,Sim,
26.87,94771.33,557.26,0.00,0.00,0.00,0.00,0.00,0.00,0.00,0.00,Sim,
26.35,94690.66,564.75,0.00,0.00,0.00,0.00,0.00,0.00,0.00,0.00,Sim,
25.88,94616.55,571.40,0.00,0.00,0.00,0.00,0.00,0.00,0.00,0.00,Sim,
26.19,94620.58,577.63,0.00,0.00,0.00,0.00,0.00,0.00,0.00,0.00,Sim,
26.68,94737.35,570.13,0.00,0.00,0.00,0.00,0.00,0.00,0.00,0.00,Sim,
27.09,94803.13,563.50,0.00,0.00,0.00,0.00,0.00,0.00,0.00,0.00,Sim,
27.46,94861.62,557.72,0.00,0.00,0.00,0.00,0.00,0.00,0.00,0.00,Sim,
26.77,94755.18,552.58,0.00,0.00,0.00,0.00,0.00,0.00,0.00,0.00,Sim,
26.19,94663.50,561.93,0.00,0.00,0.00,0.00,0.00,0.00,0.00,0.00,Sim,
25.67,94582.11,569.99,0.00,0.00,0.00,0.00,0.00,0.00,0.00,0.00,Sim,
26.23,94667.19,577.15,0.00,0.00,0.00,0.00,0.00,0.00,0.00,0.00,Sim,
26.71,94741.66,569.67,0.00,0.00,0.00,0.00,0.00,0.00,0.00,0.00,Sim,
27.12,94806.94,560.17,0.00,0.00,0.00,0.00,0.00,0.00,0.00,0.00,Sim,
27.48,94864.11,554.78,0.00,0.00,0.00,0.00,0.00,0.00,0.00,0.00,Sim,
26.82,94761.38,557.20,0.00,0.00,0.00,0.00,0.00,0.00,0.00,0.00,Sim,
26.24,94671.91,565.61,0.00,0.00,0.00,0.00,0.00,0.00,0.00,0.00,Sim,
25.75,94594.16,572.90,0.00,0.00,0.00,0.00,0.00,0.00,0.00,0.00,Sim,
26.08,94644.14,579.41,0.00,0.00,0.00,0.00,0.00,0.00,0.00,0.00,Sim,
26.58,94721.38,571.69,0.00,0.00,0.00,0.00,0.00,0.00,0.00,0.00,Sim,
27.01,94789.24,564.90,0.00,0.00,0.00,0.00,0.00,0.00,0.00,0.00,Sim,
27.39,94849.30,558.94,0.00,0.00,0.00,0.00,0.00,0.00,0.00,0.00,Sim,
26.72,94745.30,553.66,0.00,0.00,0.00,0.00,0.00,0.00,0.00,0.00,Sim,
26.14,94655.39,562.80,0.00,0.00,0.00,0.00,0.00,0.00,0.00,0.00,Sim,
25.64,94575.78,570.70,0.00,0.00,0.00,0.00,0.00,0.00,0.00,0.00,Sim,
26.20,94661.67,577.71,0.00,0.00,0.00,0.00,0.00,0.00,0.00,0.00,Sim,
26.68,94737.06,570.15,0.00,0.00,0.00,0.00,0.00,0.00,0.00,0.00,Sim,
27.10,94803.50,560.53,0.00,0.00,0.00,0.00,0.00,0.00,0.00,0.00,Sim,
27.47,94861.62,555.03,0.00,0.00,0.00,0.00,0.00,0.00,0.00,0.00,Sim,
26.78,94756.49,557.47,0.00,0.00,0.00,0.00,0.00,0.00,0.00,0.00,Sim,
25.93,94621.95,566.05,0.00,0.00,0.00,0.00,0.00,0.00,0.00,0.00,Sim,
25.52,94557.59,573.65,0.00,0.00,0.00,0.00,0.00,0.00,0.00,0.00,Sim,
26.09,94645.25,579.31,0.00,0.00,0.00,0.00,0.00,0.00,0.00,0.00,Sim,
26.59,94722.64,571.60,0.00,0.00,0.00,0.00,0.00,0.00,0.00,0.00,Sim,
27.02,94790.27,564.79,0.00,0.00,0.00,0.00,0.00,0.00,0.00,0.00,Sim,
27.39,94850.33,558.85,0.00,0.00,0.00,0.00,0.00,0.00,0.00,0.00,Sim,
26.72,94745.87,553.57,0.00,0.00,0.00,0.00,0.00,0.00,0.00,0.00,Sim,
26.13,94654.36,562.75,0.00,0.00,0.00,0.00,0.00,0.00,0.00,0.00,Sim,
25.65,94577.75,574.44,0.00,0.00,0.00,0.00,0.00,0.00,0.00,0.00,Sim,
25.72,94586.83,580.81,0.00,0.00,0.00,0.00,0.00,0.00,0.00,0.00,Sim,
26.51,94709.27,572.90,0.00,0.00,0.00,0.00,0.00,0.00,0.00,0.00,Sim,
26.95,94778.64,565.97,0.00,0.00,0.00,0.00,0.00,0.00,0.00,0.00,Sim,
27.33,94840.44,559.87,0.00,0.00,0.00,0.00,0.00,0.00,0.00,0.00,Sim,
26.66,94736.66,554.44,0.00,0.00,0.00,0.00,0.00,0.00,0.00,0.00,Sim,
26.09,94646.59,563.56,0.00,0.00,0.00,0.00,0.00,0.00,0.00,0.00,Sim,
25.59,94567.81,571.48,0.00,0.00,0.00,0.00,0.00,0.00,0.00,0.00,Sim,
26.15,94654.34,578.41,0.00,0.00,0.00,0.00,0.00,0.00,0.00,0.00,Sim,
26.64,94730.75,570.80,0.00,0.00,0.00,0.00,0.00,0.00,0.00,0.00,Sim,
27.07,94797.56,564.08,0.00,0.00,0.00,0.00,0.00,0.00,0.00,0.00,Sim,
27.44,94856.50,558.20,0.00,0.00,0.00,0.00,0.00,0.00,0.00,0.00,Sim,
26.82,94761.49,557.88,0.00,0.00,0.00,0.00,0.00,0.00,0.00,0.00,Sim,
26.26,94673.84,565.62,0.00,0.00,0.00,0.00,0.00,0.00,0.00,0.00,Sim,
25.76,94594.05,572.83,0.00,0.00,0.00,0.00,0.00,0.00,0.00,0.00,Sim,
26.10,94644.11,579.45,0.00,0.00,0.00,0.00,0.00,0.00,0.00,0.00,Sim,
26.59,94720.92,571.70,0.00,0.00,0.00,0.00,0.00,0.00,0.00,0.00,Sim,
27.02,94788.95,564.94,0.00,0.00,0.00,0.00,0.00,0.00,0.00,0.00,Sim,
27.40,94849.21,558.96,0.00,0.00,0.00,0.00,0.00,0.00,0.00,0.00,Sim,
26.72,94744.38,553.67,0.00,0.00,0.00,0.00,0.00,0.00,0.00,0.00,Sim,
26.14,94653.34,562.88,0.00,0.00,0.00,0.00,0.00,0.00,0.00,0.00,Sim,
25.64,94573.95,570.89,0.00,0.00,0.00,0.00,0.00,0.00,0.00,0.00,Sim,
26.20,94659.50,577.87,0.00,0.00,0.00,0.00,0.00,0.00,0.00,0.00,Sim,
26.68,94735.33,570.34,0.00,0.00,0.00,0.00,0.00,0.00,0.00,0.00,Sim,
27.10,94801.33,560.68,0.00,0.00,0.00,0.00,0.00,0.00,0.00,0.00,Sim,
27.47,94859.67,555.20,0.00,0.00,0.00,0.00,0.00,0.00,0.00,0.00,Sim,
26.80,94755.98,557.51,0.00,0.00,0.00,0.00,0.00,0.00,0.00,0.00,Sim,
26.23,94666.91,566.06,0.00,0.00,0.00,0.00,0.00,0.00,0.00,0.00,Sim,
25.50,94588.11,573.37,0.00,0.00,0.00,0.00,0.00,0.00,0.00,0.00,Sim,
26.08,94639.69,579.87,0.00,0.00,0.00,0.00,0.00,0.00,0.00,0.00,Sim,
26.57,94717.67,572.09,0.00,0.00,0.00,0.00,0.00,0.00,0.00,0.00,Sim,
27.01,94785.92,565.23,0.00,0.00,0.00,0.00,0.00,0.00,0.00,0.00,Sim,
27.39,94846.20,559.23,0.00,0.00,0.00,0.00,0.00,0.00,0.00,0.00,Sim,
26.71,94741.98,553.93,0.00,0.00,0.00,0.00,0.00,0.00,0.00,0.00,Sim,
26.13,94650.94,563.09,0.00,0.00,0.00,0.00,0.00,0.00,0.00,0.00,Sim,
25.63,94571.95,571.10,0.00,0.00,0.00,0.00,0.00,0.00,0.00,0.00,Sim,
26.20,94658.42,578.05,0.00,0.00,0.00,0.00,0.00,0.00,0.00,0.00,Sim,
26.68,94733.89,567.01,0.00,0.00,0.00,0.00,0.00,0.00,0.00,0.00,Sim,
27.10,94799.95,560.82,0.00,0.00,0.00,0.00,0.00,0.00,0.00,0.00,Sim,
27.42,94858.13,555.37,0.00,0.00,0.00,0.00,0.00,0.00,0.00,0.00,Sim,
26.75,94746.70,553.51,0.00,0.00,0.00,0.00,0.00,0.00,0.00,0.00,Sim,
26.24,94667.79,562.68,0.00,0.00,0.00,0.00,0.00,0.00,0.00,0.00,Sim,
25.73,94586.46,569.61,0.00,0.00,0.00,0.00,0.00,0.00,0.00,0.00,Sim,
26.28,94670.73,576.77,0.00,0.00,0.00,0.00,0.00,0.00,0.00,0.00,Sim,
26.76,94744.92,569.35,0.00,0.00,0.00,0.00,0.00,0.00,0.00,0.00,Sim,
27.17,94809.94,562.83,0.00,0.00,0.00,0.00,0.00,0.00,0.00,0.00,Sim,
27.53,94866.99,557.12,0.00,0.00,0.00,0.00,0.00,0.00,0.00,0.00,Sim,
26.84,94760.33,552.11,0.00,0.00,0.00,0.00,0.00,0.00,0.00,0.00,Sim,
26.24,94667.62,561.48,0.00,0.00,0.00,0.00,0.00,0.00,0.00,0.00,Sim,
25.81,94598.45,573.29,0.00,0.00,0.00,0.00,0.00,0.00,0.00,0.00,Sim,
25.93,94614.59,578.24,0.00,0.00,0.00,0.00,0.00,0.00,0.00,0.00,Sim,
26.68,94731.92,570.64,0.00,0.00,0.00,0.00,0.00,0.00,0.00,0.00,Sim,
27.10,94798.70,563.97,0.00,0.00,0.00,0.00,0.00,0.00,0.00,0.00,Sim,
27.47,94858.07,558.10,0.00,0.00,0.00,0.00,0.00,0.00,0.00,0.00,Sim,
26.79,94752.44,552.89,0.00,0.00,0.00,0.00,0.00,0.00,0.00,0.00,Sim,
26.20,94660.94,562.17,0.00,0.00,0.00,0.00,0.00,0.00,0.00,0.00,Sim,
25.70,94581.41,570.22,0.00,0.00,0.00,0.00,0.00,0.00,0.00,0.00,Sim,
26.25,94666.48,577.22,0.00,0.00,0.00,0.00,0.00,0.00,0.00,0.00,Sim,
26.73,94740.72,569.73,0.00,0.00,0.00,0.00,0.00,0.00,0.00,0.00,Sim,
27.15,94806.36,563.20,0.00,0.00,0.00,0.00,0.00,0.00,0.00,0.00,Sim,
27.51,94863.70,554.81,0.00,0.00,0.00,0.00,0.00,0.00,0.00,0.00,Sim,
26.88,94767.03,557.23,0.00,0.00,0.00,0.00,0.00,0.00,0.00,0.00,Sim,
26.30,94674.98,565.12,0.00,0.00,0.00,0.00,0.00,0.00,0.00,0.00,Sim,
25.80,94596.17,572.70,0.00,0.00,0.00,0.00,0.00,0.00,0.00,0.00,Sim,
26.13,94646.20,579.23,0.00,0.00,0.00,0.00,0.00,0.00,0.00,0.00,Sim,
26.63,94723.04,571.51,0.00,0.00,0.00,0.00,0.00,0.00,0.00,0.00,Sim,
27.05,94790.24,564.75,0.00,0.00,0.00,0.00,0.00,0.00,0.00,0.00,Sim,
27.43,94850.67,558.85,0.00,0.00,0.00,0.00,0.00,0.00,0.00,0.00,Sim,
26.76,94746.23,553.54,0.00,0.00,0.00,0.00,0.00,0.00,0.00,0.00,Sim,
26.18,94655.63,562.72,0.00,0.00,0.00,0.00,0.00,0.00,0.00,0.00,Sim,
25.68,94576.23,570.68,0.00,0.00,0.00,0.00,0.00,0.00,0.00,0.00,Sim,
26.23,94661.53,577.67,0.00,0.00,0.00,0.00,0.00,0.00,0.00,0.00,Sim,
26.72,94736.78,570.16,0.00,0.00,0.00,0.00,0.00,0.00,0.00,0.00,Sim,
27.14,94802.95,560.54,0.00,0.00,0.00,0.00,0.00,0.00,0.00,0.00,Sim,
27.50,94860.90,555.11,0.00,0.00,0.00,0.00,0.00,0.00,0.00,0.00,Sim,
26.52,94756.64,557.52,0.00,0.00,0.00,0.00,0.00,0.00,0.00,0.00,Sim,
25.98,94623.50,565.99,0.00,0.00,0.00,0.00,0.00,0.00,0.00,0.00,Sim,
25.58,94561.02,573.51,0.00,0.00,0.00,0.00,0.00,0.00,0.00,0.00,Sim,
26.15,94648.52,579.01,0.00,0.00,0.00,0.00,0.00,0.00,0.00,0.00,Sim,
26.64,94724.92,571.31,0.00,0.00,0.00,0.00,0.00,0.00,0.00,0.00,Sim,
27.07,94792.55,564.59,0.00,0.00,0.00,0.00,0.00,0.00,0.00,0.00,Sim,
27.44,94851.30,558.64,0.00,0.00,0.00,0.00,0.00,0.00,0.00,0.00,Sim,
26.77,94746.87,553.48,0.00,0.00,0.00,0.00,0.00,0.00,0.00,0.00,Sim,
26.19,94655.80,562.66,0.00,0.00,0.00,0.00,0.00,0.00,0.00,0.00,Sim,
25.68,94576.41,570.67,0.00,0.00,0.00,0.00,0.00,0.00,0.00,0.00,Sim,
26.24,94661.56,577.65,0.00,0.00,0.00,0.00,0.00,0.00,0.00,0.00,Sim,
26.73,94736.44,566.77,0.00,0.00,0.00,0.00,0.00,0.00,0.00,0.00,Sim,
27.14,94802.27,560.59,0.00,0.00,0.00,0.00,0.00,0.00,0.00,0.00,Sim,
27.68,94887.77,555.17,0.00,0.00,0.00,0.00,0.00,0.00,0.00,0.00,Sim,
27.03,94787.19,550.28,0.00,0.00,0.00,0.00,0.00,0.00,0.00,0.00,Sim,
26.42,94691.95,559.12,0.00,0.00,0.00,0.00,0.00,0.00,0.00,0.00,Sim,
25.89,94608.39,567.49,0.00,0.00,0.00,0.00,0.00,0.00,0.00,0.00,Sim,
26.43,94690.19,574.84,0.00,0.00,0.00,0.00,0.00,0.00,0.00,0.00,Sim,
26.89,94762.13,567.64,0.00,0.00,0.00,0.00,0.00,0.00,0.00,0.00,Sim,
27.29,94824.97,561.32,0.00,0.00,0.00,0.00,0.00,0.00,0.00,0.00,Sim,
27.63,94880.05,555.80,0.00,0.00,0.00,0.00,0.00,0.00,0.00,0.00,Sim,
26.93,94772.18,555.87,0.00,0.00,0.00,0.00,0.00,0.00,0.00,0.00,Sim,
26.43,94693.73,564.69,0.00,0.00,0.00,0.00,0.00,0.00,0.00,0.00,Sim,
25.94,94616.33,571.17,0.00,0.00,0.00,0.00,0.00,0.00,0.00,0.00,Sim,
25.99,94621.95,577.51,0.00,0.00,0.00,0.00,0.00,0.00,0.00,0.00,Sim,
26.74,94738.27,569.99,0.00,0.00,0.00,0.00,0.00,0.00,0.00,0.00,Sim,
27.15,94804.25,563.42,0.00,0.00,0.00,0.00,0.00,0.00,0.00,0.00,Sim,
27.52,94862.88,557.62,0.00,0.00,0.00,0.00,0.00,0.00,0.00,0.00,Sim,
26.84,94757.06,552.47,0.00,0.00,0.00,0.00,0.00,0.00,0.00,0.00,Sim,
26.25,94664.82,561.76,0.00,0.00,0.00,0.00,0.00,0.00,0.00,0.00,Sim,
25.75,94586.06,569.88,0.00,0.00,0.00,0.00,0.00,0.00,0.00,0.00,Sim,
26.30,94670.36,576.81,0.00,0.00,0.00,0.00,0.00,0.00,0.00,0.00,Sim,
26.78,94744.03,569.39,0.00,0.00,0.00,0.00,0.00,0.00,0.00,0.00,Sim,
27.19,94809.27,562.92,0.00,0.00,0.00,0.00,0.00,0.00,0.00,0.00,Sim,
27.55,94866.56,554.58,0.00,0.00,0.00,0.00,0.00,0.00,0.00,0.00,Sim,
26.88,94762.30,557.02,0.00,0.00,0.00,0.00,0.00,0.00,0.00,0.00,Sim,
26.03,94630.01,565.50,0.00,0.00,0.00,0.00,0.00,0.00,0.00,0.00,Sim,
25.61,94561.94,572.94,0.00,0.00,0.00,0.00,0.00,0.00,0.00,0.00,Sim,
26.18,94649.41,578.93,0.00,0.00,0.00,0.00,0.00,0.00,0.00,0.00,Sim,
26.67,94726.33,571.23,0.00,0.00,0.00,0.00,0.00,0.00,0.00,0.00,Sim,
27.09,94793.70,564.47,0.00,0.00,0.00,0.00,0.00,0.00,0.00,0.00,Sim,
27.46,94852.81,558.54,0.00,0.00,0.00,0.00,0.00,0.00,0.00,0.00,Sim,
26.79,94748.55,553.35,0.00,0.00,0.00,0.00,0.00,0.00,0.00,0.00,Sim,
26.21,94657.71,562.51,0.00,0.00,0.00,0.00,0.00,0.00,0.00,0.00,Sim,
25.72,94580.09,570.50,0.00,0.00,0.00,0.00,0.00,0.00,0.00,0.00,Sim,
26.27,94665.02,577.33,0.00,0.00,0.00,0.00,0.00,0.00,0.00,0.00,Sim,
26.76,94740.23,566.43,0.00,0.00,0.00,0.00,0.00,0.00,0.00,0.00,Sim,
27.17,94805.53,560.29,0.00,0.00,0.00,0.00,0.00,0.00,0.00,0.00,Sim,
27.70,94890.43,554.87,0.00,0.00,0.00,0.00,0.00,0.00,0.00,0.00,Sim,
27.09,94795.07,550.05,0.00,0.00,0.00,0.00,0.00,0.00,0.00,0.00,Sim,
26.48,94699.27,558.42,0.00,0.00,0.00,0.00,0.00,0.00,0.00,0.00,Sim,
25.96,94616.67,566.85,0.00,0.00,0.00,0.00,0.00,0.00,0.00,0.00,Sim,
26.48,94696.92,574.11,0.00,0.00,0.00,0.00,0.00,0.00,0.00,0.00,Sim,
26.94,94767.95,567.05,0.00,0.00,0.00,0.00,0.00,0.00,0.00,0.00,Sim,
27.33,94829.80,560.81,0.00,0.00,0.00,0.00,0.00,0.00,0.00,0.00,Sim,
27.68,94884.68,555.37,0.00,0.00,0.00,0.00,0.00,0.00,0.00,0.00,Sim,
26.97,94776.16,550.55,0.00,0.00,0.00,0.00,0.00,0.00,0.00,0.00,Sim,
26.38,94683.05,564.36,0.00,0.00,0.00,0.00,0.00,0.00,0.00,0.00,Sim,
25.89,94606.68,571.95,0.00,0.00,0.00,0.00,0.00,0.00,0.00,0.00,Sim,
25.95,94613.14,578.37,0.00,0.00,0.00,0.00,0.00,0.00,0.00,0.00,Sim,
26.71,94730.86,570.75,0.00,0.00,0.00,0.00,0.00,0.00,0.00,0.00,Sim,
27.13,94797.30,564.07,0.00,0.00,0.00,0.00,0.00,0.00,0.00,0.00,Sim,
27.50,94856.67,558.23,0.00,0.00,0.00,0.00,0.00,0.00,0.00,0.00,Sim,
26.82,94752.01,553.01,0.00,0.00,0.00,0.00,0.00,0.00,0.00,0.00,Sim,
26.25,94662.59,562.21,0.00,0.00,0.00,0.00,0.00,0.00,0.00,0.00,Sim,
25.75,94583.78,570.07,0.00,0.00,0.00,0.00,0.00,0.00,0.00,0.00,Sim,
26.30,94668.82,577.01,0.00,0.00,0.00,0.00,0.00,0.00,0.00,0.00,Sim,
26.78,94743.23,569.52,0.00,0.00,0.00,0.00,0.00,0.00,0.00,0.00,Sim,
27.20,94808.48,562.98,0.00,0.00,0.00,0.00,0.00,0.00,0.00,0.00,Sim,
27.56,94866.16,554.65,0.00,0.00,0.00,0.00,0.00,0.00,0.00,0.00,Sim,
26.93,94768.92,557.01,0.00,0.00,0.00,0.00,0.00,0.00,0.00,0.00,Sim,
26.41,94687.47,564.88,0.00,0.00,0.00,0.00,0.00,0.00,0.00,0.00,Sim,
25.95,94615.93,571.58,0.00,0.00,0.00,0.00,0.00,0.00,0.00,0.00,Sim,
26.27,94620.50,577.56,0.00,0.00,0.00,0.00,0.00,0.00,0.00,0.00,Sim,
26.75,94737.55,570.06,0.00,0.00,0.00,0.00,0.00,0.00,0.00,0.00,Sim,
27.17,94803.19,563.48,0.00,0.00,0.00,0.00,0.00,0.00,0.00,0.00,Sim,
27.53,94861.78,557.71,0.00,0.00,0.00,0.00,0.00,0.00,0.00,0.00,Sim,
26.86,94756.95,552.56,0.00,0.00,0.00,0.00,0.00,0.00,0.00,0.00,Sim,
26.28,94666.73,561.77,0.00,0.00,0.00,0.00,0.00,0.00,0.00,0.00,Sim,
25.78,94587.69,569.71,0.00,0.00,0.00,0.00,0.00,0.00,0.00,0.00,Sim,
26.33,94671.59,576.66,0.00,0.00,0.00,0.00,0.00,0.00,0.00,0.00,Sim,
26.80,94746.01,569.28,0.00,0.00,0.00,0.00,0.00,0.00,0.00,0.00,Sim,
27.22,94810.98,559.80,0.00,0.00,0.00,0.00,0.00,0.00,0.00,0.00,Sim,
27.51,94868.47,554.46,0.00,0.00,0.00,0.00,0.00,0.00,0.00,0.00,Sim,
26.85,94756.20,552.74,0.00,0.00,0.00,0.00,0.00,0.00,0.00,0.00,Sim,
26.35,94678.45,561.84,0.00,0.00,0.00,0.00,0.00,0.00,0.00,0.00,Sim,
25.92,94610.36,568.68,0.00,0.00,0.00,0.00,0.00,0.00,0.00,0.00,Sim,
26.45,94691.98,574.67,0.00,0.00,0.00,0.00,0.00,0.00,0.00,0.00,Sim,
26.91,94763.58,567.49,0.00,0.00,0.00,0.00,0.00,0.00,0.00,0.00,Sim,
27.31,94826.42,561.19,0.00,0.00,0.00,0.00,0.00,0.00,0.00,0.00,Sim,
27.66,94882.02,555.67,0.00,0.00,0.00,0.00,0.00,0.00,0.00,0.00,Sim,
26.97,94775.52,550.79,0.00,0.00,0.00,0.00,0.00,0.00,0.00,0.00,Sim,
26.38,94683.45,560.14,0.00,0.00,0.00,0.00,0.00,0.00,0.00,0.00,Sim,
25.86,94601.86,568.24,0.00,0.00,0.00,0.00,0.00,0.00,0.00,0.00,Sim,
26.21,94653.38,575.41,0.00,0.00,0.00,0.00,0.00,0.00,0.00,0.00,Sim,
26.70,94730.01,567.42,0.00,0.00,0.00,0.00,0.00,0.00,0.00,0.00,Sim,
27.32,94826.88,561.13,0.00,0.00,0.00,0.00,0.00,0.00,0.00,0.00,Sim,
27.66,94883.02,555.63,0.00,0.00,0.00,0.00,0.00,0.00,0.00,0.00,Sim,
26.98,94777.61,550.70,0.00,0.00,0.00,0.00,0.00,0.00,0.00,0.00,Sim,
26.39,94685.13,559.96,0.00,0.00,0.00,0.00,0.00,0.00,0.00,0.00,Sim,
25.88,94603.52,568.09,0.00,0.00,0.00,0.00,0.00,0.00,0.00,0.00,Sim,
26.42,94686.36,575.27,0.00,0.00,0.00,0.00,0.00,0.00,0.00,0.00,Sim,
26.88,94758.92,567.98,0.00,0.00,0.00,0.00,0.00,0.00,0.00,0.00,Sim,
27.29,94822.56,561.60,0.00,0.00,0.00,0.00,0.00,0.00,0.00,0.00,Sim,
27.64,94878.65,556.01,0.00,0.00,0.00,0.00,0.00,0.00,0.00,0.00,Sim,
27.01,94781.98,555.88,0.00,0.00,0.00,0.00,0.00,0.00,0.00,0.00,Sim,
26.47,94698.35,563.79,0.00,0.00,0.00,0.00,0.00,0.00,0.00,0.00,Sim,
26.00,94623.64,570.78,0.00,0.00,0.00,0.00,0.00,0.00,0.00,0.00,Sim,
26.05,94628.23,576.93,0.00,0.00,0.00,0.00,0.00,0.00,0.00,0.00,Sim,
26.79,94743.80,569.50,0.00,0.00,0.00,0.00,0.00,0.00,0.00,0.00,Sim,
27.21,94809.05,562.93,0.00,0.00,0.00,0.00,0.00,0.00,0.00,0.00,Sim,
27.57,94866.67,557.20,0.00,0.00,0.00,0.00,0.00,0.00,0.00,0.00,Sim,
26.89,94762.84,552.13,0.00,0.00,0.00,0.00,0.00,0.00,0.00,0.00,Sim,
26.31,94670.82,561.26,0.00,0.00,0.00,0.00,0.00,0.00,0.00,0.00,Sim,
25.80,94590.63,569.35,0.00,0.00,0.00,0.00,0.00,0.00,0.00,0.00,Sim,
26.35,94674.50,576.40,0.00,0.00,0.00,0.00,0.00,0.00,0.00,0.00,Sim,
26.82,94748.52,569.02,0.00,0.00,0.00,0.00,0.00,0.00,0.00,0.00,Sim,
27.24,94813.36,559.58,0.00,0.00,0.00,0.00,0.00,0.00,0.00,0.00,Sim,
27.59,94870.24,554.24,0.00,0.00,0.00,0.00,0.00,0.00,0.00,0.00,Sim,
26.93,94768.35,556.58,0.00,0.00,0.00,0.00,0.00,0.00,0.00,0.00,Sim,
26.36,94679.62,564.99,0.00,0.00,0.00,0.00,0.00,0.00,0.00,0.00,Sim,
25.63,94562.88,572.25,0.00,0.00,0.00,0.00,0.00,0.00,0.00,0.00,Sim,
26.19,94650.14,578.85,0.00,0.00,0.00,0.00,0.00,0.00,0.00,0.00,Sim,
26.69,94727.16,571.17,0.00,0.00,0.00,0.00,0.00,0.00,0.00,0.00,Sim,
27.11,94794.36,564.39,0.00,0.00,0.00,0.00,0.00,0.00,0.00,0.00,Sim,
27.49,94853.52,558.49,0.00,0.00,0.00,0.00,0.00,0.00,0.00,0.00,Sim,
26.82,94750.47,553.29,0.00,0.00,0.00,0.00,0.00,0.00,0.00,0.00,Sim,
26.24,94660.59,562.34,0.00,0.00,0.00,0.00,0.00,0.00,0.00,0.00,Sim,
